3.0000 1.5000
6.0000 1.5000
9.0000 1.5000
12.0000 1.6000
15.0000 1.6000
18.0000 1.6000
21.0000 1.6000
24.0000 1.5930
27.0000 1.5756
30.0000 1.5519
33.0000 1.5249
36.0000 1.4973
39.0000 1.4723
42.0000 1.4530
45.0000 1.4414
48.0000 1.4390
51.0000 1.4459
54.0000 1.4615
57.0000 1.4838
60.0000 1.5104
63.0000 1.5381
66.0000 1.5638
69.0000 1.5845
72.0000 1.5978
75.0000 1.6022
78.0000 1.5972
81.0000 1.5834
84.0000 1.5623
87.0000 1.5364
90.0000 1.5087
93.0000 1.4824
96.0000 1.4605
99.0000 1.4455
102.0000 1.4391
105.0000 1.4422
108.0000 1.4542
111.0000 1.4739
114.0000 1.4990
117.0000 1.5266
120.0000 1.5534
123.0000 1.5764
126.0000 1.5930
129.0000 1.6013
132.0000 1.6002
135.0000 1.5900
138.0000 1.5717
141.0000 1.5476
144.0000 1.5203
147.0000 1.4931
150.0000 1.4691
153.0000 1.4510
156.0000 1.4409
159.0000 1.4400
162.0000 1.4484
165.0000 1.4651
168.0000 1.4881
171.0000 1.5149
174.0000 1.5424
177.0000 1.5673
180.0000 1.5868
183.0000 1.5987
186.0000 1.6015
189.0000 1.5951
192.0000 1.5800
195.0000 1.5581
198.0000 1.5319
201.0000 1.5044
204.0000 1.4787
207.0000 1.4579
210.0000 1.4443
213.0000 1.4395
216.0000 1.4440
219.0000 1.4574
222.0000 1.4780
225.0000 1.5035
228.0000 1.5310
231.0000 1.5572
234.0000 1.5793
237.0000 1.5945
240.0000 1.6012
243.0000 1.5986
246.0000 1.5871
249.0000 1.5678
252.0000 1.5431
255.0000 1.5159
258.0000 1.4891
261.0000 1.4660
264.0000 1.4492
267.0000 1.4406
270.0000 1.4412
273.0000 1.4510
276.0000 1.4688
279.0000 1.4925
282.0000 1.5194
285.0000 1.5465
288.0000 1.5706
291.0000 1.5889
294.0000 1.5993
297.0000 1.6006
300.0000 1.5927
303.0000 1.5765
306.0000 1.5539
309.0000 1.5274
312.0000 1.5001
315.0000 1.4752
318.0000 1.4555
321.0000 1.4434
324.0000 1.4401
327.0000 1.4461
330.0000 1.4607
333.0000 1.4821
336.0000 1.5080
339.0000 1.5353
342.0000 1.5609
345.0000 1.5819
348.0000 1.5957
351.0000 1.6009
354.0000 1.5969
357.0000 1.5840
360.0000 1.5638
363.0000 1.5387
366.0000 1.5115
369.0000 1.4853
372.0000 1.4632
375.0000 1.4477
378.0000 1.4406
381.0000 1.4427
384.0000 1.4538
387.0000 1.4726
390.0000 1.4969
393.0000 1.5239
396.0000 1.5505
399.0000 1.5737
402.0000 1.5907
405.0000 1.5996
408.0000 1.5994
411.0000 1.5902
414.0000 1.5729
417.0000 1.5496
420.0000 1.5229
423.0000 1.4960
426.0000 1.4719
429.0000 1.4534
432.0000 1.4427
435.0000 1.4409
438.0000 1.4484
441.0000 1.4641
444.0000 1.4863
447.0000 1.5125
450.0000 1.5395
453.0000 1.5644
456.0000 1.5842
459.0000 1.5967
462.0000 1.6004
465.0000 1.5949
468.0000 1.5808
471.0000 1.5598
474.0000 1.5342
477.0000 1.5071
480.0000 1.4816
483.0000 1.4605
486.0000 1.4464
489.0000 1.4408
492.0000 1.4444
495.0000 1.4568
498.0000 1.4765
501.0000 1.5013
504.0000 1.5283
507.0000 1.5544
510.0000 1.5765
513.0000 1.5923
516.0000 1.5997
519.0000 1.5981
522.0000 1.5874
525.0000 1.5691
528.0000 1.5452
531.0000 1.5185
534.0000 1.4920
537.0000 1.4688
540.0000 1.4516
543.0000 1.4423
546.0000 1.4420
549.0000 1.4508
552.0000 1.4676
555.0000 1.4905
558.0000 1.5169
561.0000 1.5437
564.0000 1.5678
567.0000 1.5864
570.0000 1.5974
573.0000 1.5996
576.0000 1.5927
579.0000 1.5774
582.0000 1.5556
585.0000 1.5298
588.0000 1.5029
591.0000 1.4781
594.0000 1.4581
597.0000 1.4454
600.0000 1.4413
603.0000 1.4463
606.0000 1.4599
609.0000 1.4805
612.0000 1.5057
615.0000 1.5326
618.0000 1.5581
621.0000 1.5792
624.0000 1.5936
627.0000 1.5996
630.0000 1.5964
633.0000 1.5845
636.0000 1.5653
639.0000 1.5409
642.0000 1.5141
645.0000 1.4881
648.0000 1.4659
651.0000 1.4499
654.0000 1.4421
657.0000 1.4433
660.0000 1.4535
663.0000 1.4713
666.0000 1.4948
669.0000 1.5213
672.0000 1.5477
675.0000 1.5709
678.0000 1.5883
681.0000 1.5979
684.0000 1.5986
687.0000 1.5903
690.0000 1.5740
693.0000 1.5515
696.0000 1.5254
699.0000 1.4988
702.0000 1.4747
705.0000 1.4559
708.0000 1.4446
711.0000 1.4420
714.0000 1.4484
717.0000 1.4632
720.0000 1.4846
723.0000 1.5101
726.0000 1.5368
729.0000 1.5616
732.0000 1.5817
735.0000 1.5947
738.0000 1.5992
741.0000 1.5946
744.0000 1.5815
747.0000 1.5613
750.0000 1.5365
753.0000 1.5098
756.0000 1.4844
759.0000 1.4632
762.0000 1.4485
765.0000 1.4422
768.0000 1.4449
771.0000 1.4563
774.0000 1.4751
777.0000 1.4991
780.0000 1.5256
783.0000 1.5515
786.0000 1.5739
789.0000 1.5900
792.0000 1.5982
795.0000 1.5974
798.0000 1.5877
801.0000 1.5703
804.0000 1.5472
807.0000 1.5210
810.0000 1.4948
813.0000 1.4715
816.0000 1.4539
819.0000 1.4440
822.0000 1.4429
825.0000 1.4507
828.0000 1.4666
831.0000 1.4887
834.0000 1.5145
837.0000 1.5409
840.0000 1.5650
843.0000 1.5839
846.0000 1.5956
849.0000 1.5986
852.0000 1.5926
855.0000 1.5783
858.0000 1.5573
861.0000 1.5322
864.0000 1.5056
867.0000 1.4809
870.0000 1.4607
873.0000 1.4474
876.0000 1.4425
879.0000 1.4466
882.0000 1.4593
885.0000 1.4790
888.0000 1.5035
891.0000 1.5299
894.0000 1.5553
897.0000 1.5766
900.0000 1.5915
903.0000 1.5982
906.0000 1.5959
909.0000 1.5850
912.0000 1.5666
915.0000 1.5430
918.0000 1.5167
921.0000 1.4909
924.0000 1.4686
927.0000 1.4522
930.0000 1.4437
933.0000 1.4441
936.0000 1.4532
939.0000 1.4702
942.0000 1.4929
945.0000 1.5188
948.0000 1.5449
951.0000 1.5682
954.0000 1.5860
957.0000 1.5962
960.0000 1.5977
963.0000 1.5903
966.0000 1.5749
969.0000 1.5533
972.0000 1.5278
975.0000 1.5015
978.0000 1.4775
981.0000 1.4584
984.0000 1.4464
987.0000 1.4431
990.0000 1.4486
993.0000 1.4624
996.0000 1.4829
999.0000 1.5078
1002.0000 1.5341
1005.0000 1.5588
1008.0000 1.5791
1011.0000 1.5927
1014.0000 1.5979
1017.0000 1.5942
1020.0000 1.5821
1023.0000 1.5628
1026.0000 1.5387
1029.0000 1.5125
1032.0000 1.4872
1035.0000 1.4658
1038.0000 1.4507
1041.0000 1.4436
1044.0000 1.4454
1047.0000 1.4559
1050.0000 1.4738
1053.0000 1.4971
1056.0000 1.5231
1059.0000 1.5488
1062.0000 1.5712
1065.0000 1.5877
1068.0000 1.5966
1071.0000 1.5966
1074.0000 1.5879
1077.0000 1.5715
1080.0000 1.5491
1083.0000 1.5235
1086.0000 1.4976
1089.0000 1.4743
1092.0000 1.4563
1095.0000 1.4458
1098.0000 1.4438
1101.0000 1.4507
1104.0000 1.4657
1107.0000 1.4870
1110.0000 1.5121
1113.0000 1.5382
1116.0000 1.5622
1119.0000 1.5815
1122.0000 1.5937
1125.0000 1.5974
1128.0000 1.5924
1131.0000 1.5790
1134.0000 1.5589
1137.0000 1.5344
1140.0000 1.5083
1143.0000 1.4836
1146.0000 1.4632
1149.0000 1.4494
1152.0000 1.4438
1155.0000 1.4470
1158.0000 1.4587
1161.0000 1.4776
1164.0000 1.5013
1167.0000 1.5273
1170.0000 1.5525
1173.0000 1.5740
1176.0000 1.5893
1179.0000 1.5967
1182.0000 1.5953
1185.0000 1.5853
1188.0000 1.5679
1191.0000 1.5450
1194.0000 1.5192
1197.0000 1.4937
1200.0000 1.4712
1203.0000 1.4545
1206.0000 1.4453
1209.0000 1.4448
1212.0000 1.4531
1215.0000 1.4691
1218.0000 1.4910
1221.0000 1.5164
1224.0000 1.5422
1227.0000 1.5655
1230.0000 1.5836
1233.0000 1.5944
1236.0000 1.5967
1239.0000 1.5903
1242.0000 1.5758
1245.0000 1.5549
1248.0000 1.5301
1251.0000 1.5042
1254.0000 1.4802
1257.0000 1.4609
1260.0000 1.4484
1263.0000 1.4442
1266.0000 1.4488
1269.0000 1.4617
1272.0000 1.4814
1275.0000 1.5056
1278.0000 1.5315
1281.0000 1.5561
1284.0000 1.5766
1287.0000 1.5906
1290.0000 1.5966
1293.0000 1.5938
1296.0000 1.5826
1299.0000 1.5642
1302.0000 1.5408
1305.0000 1.5150
1308.0000 1.4900
1311.0000 1.4684
1314.0000 1.4529
1317.0000 1.4451
1320.0000 1.4461
1323.0000 1.4556
1326.0000 1.4726
1329.0000 1.4952
1332.0000 1.5206
1335.0000 1.5460
1338.0000 1.5685
1341.0000 1.5855
1344.0000 1.5949
1347.0000 1.5958
1350.0000 1.5880
1353.0000 1.5725
1356.0000 1.5509
1359.0000 1.5259
1362.0000 1.5003
1365.0000 1.4770
1368.0000 1.4587
1371.0000 1.4476
1374.0000 1.4448
1377.0000 1.4508
1380.0000 1.4649
1383.0000 1.4853
1386.0000 1.5098
1389.0000 1.5355
1392.0000 1.5595
1395.0000 1.5790
1398.0000 1.5917
1401.0000 1.5963
1404.0000 1.5921
1407.0000 1.5796
1410.0000 1.5604
1413.0000 1.5366
1416.0000 1.5109
1419.0000 1.4864
1422.0000 1.4658
1425.0000 1.4515
1428.0000 1.4452
1431.0000 1.4475
1434.0000 1.4583
1437.0000 1.4762
1440.0000 1.4993
1443.0000 1.5248
1446.0000 1.5498
1449.0000 1.5714
1452.0000 1.5871
1455.0000 1.5952
1458.0000 1.5946
1461.0000 1.5856
1464.0000 1.5690
1467.0000 1.5469
1470.0000 1.5217
1473.0000 1.4964
1476.0000 1.4739
1479.0000 1.4568
1482.0000 1.4470
1485.0000 1.4457
1488.0000 1.4530
1491.0000 1.4681
1494.0000 1.4893
1497.0000 1.5140
1500.0000 1.5395
