3.0000 2.2000
6.0000 2.2000
9.0000 2.2000
12.0000 2.2000
15.0000 2.2000
18.0000 2.2000
21.0000 2.2000
24.0000 2.2014
27.0000 2.2049
30.0000 2.2096
33.0000 2.2150
36.0000 2.2205
39.0000 2.2254
42.0000 2.2293
45.0000 2.2316
48.0000 2.2321
51.0000 2.2307
54.0000 2.2276
57.0000 2.2231
60.0000 2.2178
63.0000 2.2123
66.0000 2.2072
69.0000 2.2031
72.0000 2.2004
75.0000 2.1996
78.0000 2.2006
81.0000 2.2033
84.0000 2.2075
87.0000 2.2127
90.0000 2.2182
93.0000 2.2234
96.0000 2.2278
99.0000 2.2308
102.0000 2.2320
105.0000 2.2314
108.0000 2.2290
111.0000 2.2251
114.0000 2.2201
117.0000 2.2146
120.0000 2.2093
123.0000 2.2047
126.0000 2.2014
129.0000 2.1997
132.0000 2.2000
135.0000 2.2020
138.0000 2.2056
141.0000 2.2104
144.0000 2.2159
147.0000 2.2213
150.0000 2.2261
153.0000 2.2297
156.0000 2.2317
159.0000 2.2319
162.0000 2.2302
165.0000 2.2269
168.0000 2.2223
171.0000 2.2169
174.0000 2.2115
177.0000 2.2065
180.0000 2.2026
183.0000 2.2003
186.0000 2.1997
189.0000 2.2010
192.0000 2.2040
195.0000 2.2083
198.0000 2.2136
201.0000 2.2191
204.0000 2.2242
207.0000 2.2283
210.0000 2.2310
213.0000 2.2320
216.0000 2.2311
219.0000 2.2284
222.0000 2.2243
225.0000 2.2192
228.0000 2.2137
231.0000 2.2085
234.0000 2.2041
237.0000 2.2011
240.0000 2.1998
243.0000 2.2003
246.0000 2.2026
249.0000 2.2064
252.0000 2.2113
255.0000 2.2168
258.0000 2.2221
261.0000 2.2267
264.0000 2.2300
267.0000 2.2317
270.0000 2.2316
273.0000 2.2297
276.0000 2.2261
279.0000 2.2214
282.0000 2.2160
285.0000 2.2107
288.0000 2.2059
291.0000 2.2022
294.0000 2.2001
297.0000 2.1999
300.0000 2.2014
303.0000 2.2047
306.0000 2.2092
309.0000 2.2145
312.0000 2.2199
315.0000 2.2249
318.0000 2.2288
321.0000 2.2312
324.0000 2.2319
327.0000 2.2307
330.0000 2.2278
333.0000 2.2235
336.0000 2.2183
339.0000 2.2129
342.0000 2.2078
345.0000 2.2036
348.0000 2.2008
351.0000 2.1998
354.0000 2.2006
357.0000 2.2032
360.0000 2.2072
363.0000 2.2122
366.0000 2.2176
369.0000 2.2229
372.0000 2.2273
375.0000 2.2303
378.0000 2.2318
381.0000 2.2313
384.0000 2.2291
387.0000 2.2254
390.0000 2.2205
393.0000 2.2152
396.0000 2.2099
399.0000 2.2052
402.0000 2.2019
405.0000 2.2001
408.0000 2.2001
411.0000 2.2020
414.0000 2.2054
417.0000 2.2100
420.0000 2.2154
423.0000 2.2207
426.0000 2.2255
429.0000 2.2292
432.0000 2.2313
435.0000 2.2317
438.0000 2.2302
441.0000 2.2271
444.0000 2.2226
447.0000 2.2174
450.0000 2.2120
453.0000 2.2071
456.0000 2.2031
459.0000 2.2007
462.0000 2.1999
465.0000 2.2010
468.0000 2.2038
471.0000 2.2080
474.0000 2.2131
477.0000 2.2185
480.0000 2.2236
483.0000 2.2278
486.0000 2.2306
489.0000 2.2317
492.0000 2.2310
495.0000 2.2285
498.0000 2.2246
501.0000 2.2197
504.0000 2.2143
507.0000 2.2091
510.0000 2.2047
513.0000 2.2015
516.0000 2.2001
519.0000 2.2004
522.0000 2.2025
525.0000 2.2061
528.0000 2.2109
531.0000 2.2162
534.0000 2.2215
537.0000 2.2261
540.0000 2.2296
543.0000 2.2314
546.0000 2.2315
549.0000 2.2297
552.0000 2.2264
555.0000 2.2218
558.0000 2.2166
561.0000 2.2112
564.0000 2.2064
567.0000 2.2027
570.0000 2.2005
573.0000 2.2001
576.0000 2.2015
579.0000 2.2045
582.0000 2.2088
585.0000 2.2140
588.0000 2.2193
591.0000 2.2243
594.0000 2.2283
597.0000 2.2308
600.0000 2.2316
603.0000 2.2306
606.0000 2.2279
609.0000 2.2238
612.0000 2.2188
615.0000 2.2134
618.0000 2.2084
621.0000 2.2041
624.0000 2.2013
627.0000 2.2001
630.0000 2.2007
633.0000 2.2031
636.0000 2.2069
639.0000 2.2118
642.0000 2.2171
645.0000 2.2223
648.0000 2.2267
651.0000 2.2299
654.0000 2.2315
657.0000 2.2312
660.0000 2.2292
663.0000 2.2256
666.0000 2.2209
669.0000 2.2157
672.0000 2.2104
675.0000 2.2058
678.0000 2.2023
681.0000 2.2004
684.0000 2.2003
687.0000 2.2019
690.0000 2.2052
693.0000 2.2097
696.0000 2.2149
699.0000 2.2202
702.0000 2.2250
705.0000 2.2287
708.0000 2.2310
711.0000 2.2315
714.0000 2.2302
717.0000 2.2273
720.0000 2.2230
723.0000 2.2179
726.0000 2.2126
729.0000 2.2076
732.0000 2.2036
735.0000 2.2011
738.0000 2.2002
741.0000 2.2011
744.0000 2.2037
747.0000 2.2077
750.0000 2.2126
753.0000 2.2180
756.0000 2.2230
759.0000 2.2273
762.0000 2.2302
765.0000 2.2314
768.0000 2.2309
771.0000 2.2286
774.0000 2.2249
777.0000 2.2201
780.0000 2.2148
783.0000 2.2097
786.0000 2.2052
789.0000 2.2020
792.0000 2.2004
795.0000 2.2005
798.0000 2.2024
801.0000 2.2059
804.0000 2.2105
807.0000 2.2157
810.0000 2.2210
813.0000 2.2256
816.0000 2.2291
819.0000 2.2311
822.0000 2.2313
825.0000 2.2297
828.0000 2.2266
831.0000 2.2222
834.0000 2.2170
837.0000 2.2118
840.0000 2.2070
843.0000 2.2032
846.0000 2.2009
849.0000 2.2003
852.0000 2.2015
855.0000 2.2043
858.0000 2.2085
861.0000 2.2135
864.0000 2.2188
867.0000 2.2237
870.0000 2.2278
873.0000 2.2304
876.0000 2.2314
879.0000 2.2306
882.0000 2.2280
885.0000 2.2241
888.0000 2.2192
891.0000 2.2140
894.0000 2.2089
897.0000 2.2047
900.0000 2.2017
903.0000 2.2004
906.0000 2.2008
909.0000 2.2030
912.0000 2.2066
915.0000 2.2114
918.0000 2.2166
921.0000 2.2217
924.0000 2.2262
927.0000 2.2294
930.0000 2.2311
933.0000 2.2311
936.0000 2.2292
939.0000 2.2259
942.0000 2.2213
945.0000 2.2162
948.0000 2.2110
951.0000 2.2063
954.0000 2.2028
957.0000 2.2008
960.0000 2.2005
963.0000 2.2019
966.0000 2.2050
969.0000 2.2093
972.0000 2.2144
975.0000 2.2196
978.0000 2.2244
981.0000 2.2282
984.0000 2.2306
987.0000 2.2313
990.0000 2.2302
993.0000 2.2274
996.0000 2.2233
999.0000 2.2184
1002.0000 2.2131
1005.0000 2.2082
1008.0000 2.2042
1011.0000 2.2015
1014.0000 2.2004
1017.0000 2.2011
1020.0000 2.2036
1023.0000 2.2074
1026.0000 2.2122
1029.0000 2.2174
1032.0000 2.2225
1035.0000 2.2267
1038.0000 2.2297
1041.0000 2.2311
1044.0000 2.2308
1047.0000 2.2287
1050.0000 2.2251
1053.0000 2.2205
1056.0000 2.2153
1059.0000 2.2102
1062.0000 2.2057
1065.0000 2.2024
1068.0000 2.2007
1071.0000 2.2007
1074.0000 2.2024
1077.0000 2.2057
1080.0000 2.2101
1083.0000 2.2152
1086.0000 2.2204
1089.0000 2.2250
1092.0000 2.2286
1095.0000 2.2307
1098.0000 2.2311
1101.0000 2.2297
1104.0000 2.2268
1107.0000 2.2225
1110.0000 2.2175
1113.0000 2.2123
1116.0000 2.2075
1119.0000 2.2037
1122.0000 2.2013
1125.0000 2.2005
1128.0000 2.2015
1131.0000 2.2042
1134.0000 2.2082
1137.0000 2.2131
1140.0000 2.2183
1143.0000 2.2232
1146.0000 2.2272
1149.0000 2.2300
1152.0000 2.2311
1155.0000 2.2305
1158.0000 2.2281
1161.0000 2.2244
1164.0000 2.2197
1167.0000 2.2145
1170.0000 2.2095
1173.0000 2.2052
1176.0000 2.2021
1179.0000 2.2007
1182.0000 2.2009
1185.0000 2.2029
1188.0000 2.2064
1191.0000 2.2110
1194.0000 2.2161
1197.0000 2.2212
1200.0000 2.2256
1203.0000 2.2290
1206.0000 2.2308
1209.0000 2.2309
1212.0000 2.2293
1215.0000 2.2261
1218.0000 2.2217
1221.0000 2.2167
1224.0000 2.2115
1227.0000 2.2069
1230.0000 2.2033
1233.0000 2.2011
1236.0000 2.2006
1239.0000 2.2019
1242.0000 2.2048
1245.0000 2.2090
1248.0000 2.2139
1251.0000 2.2191
1254.0000 2.2239
1257.0000 2.2277
1260.0000 2.2302
1263.0000 2.2310
1266.0000 2.2301
1269.0000 2.2275
1272.0000 2.2236
1275.0000 2.2188
1278.0000 2.2137
1281.0000 2.2088
1284.0000 2.2047
1287.0000 2.2019
1290.0000 2.2007
1293.0000 2.2012
1296.0000 2.2035
1299.0000 2.2071
1302.0000 2.2118
1305.0000 2.2169
1308.0000 2.2219
1311.0000 2.2262
1314.0000 2.2293
1317.0000 2.2309
1320.0000 2.2307
1323.0000 2.2288
1326.0000 2.2254
1329.0000 2.2209
1332.0000 2.2158
1335.0000 2.2108
1338.0000 2.2063
1341.0000 2.2029
1344.0000 2.2010
1347.0000 2.2008
1350.0000 2.2024
1353.0000 2.2055
1356.0000 2.2098
1359.0000 2.2148
1362.0000 2.2199
1365.0000 2.2245
1368.0000 2.2281
1371.0000 2.2304
1374.0000 2.2309
1377.0000 2.2297
1380.0000 2.2269
1383.0000 2.2228
1386.0000 2.2180
1389.0000 2.2128
1392.0000 2.2081
1395.0000 2.2042
1398.0000 2.2016
1401.0000 2.2007
1404.0000 2.2016
1407.0000 2.2041
1410.0000 2.2079
1413.0000 2.2126
1416.0000 2.2177
1419.0000 2.2226
1422.0000 2.2267
1425.0000 2.2296
1428.0000 2.2308
1431.0000 2.2304
1434.0000 2.2282
1437.0000 2.2247
1440.0000 2.2201
1443.0000 2.2150
1446.0000 2.2100
1449.0000 2.2057
1452.0000 2.2026
1455.0000 2.2010
1458.0000 2.2011
1461.0000 2.2029
1464.0000 2.2062
1467.0000 2.2106
1470.0000 2.2156
1473.0000 2.2206
1476.0000 2.2251
1479.0000 2.2285
1482.0000 2.2305
1485.0000 2.2307
1488.0000 2.2293
1491.0000 2.2263
1494.0000 2.2221
1497.0000 2.2171
1500.0000 2.2121
