0.0050 1.8146
0.0100 1.8146
0.0150 1.8146
0.0200 1.8146
0.0250 1.8146
0.0300 1.8146
0.0350 1.8146
0.0400 1.8146
0.0450 1.8146
0.0500 1.8146
0.0550 1.8146
0.0600 1.8146
0.0650 1.8146
0.0700 1.8146
0.0750 1.8146
0.0800 1.8146
0.0850 1.8146
0.0900 1.8146
0.0950 1.8146
0.1000 1.8146
0.1050 1.8146
0.1100 1.8146
0.1150 1.8146
0.1200 1.8146
0.1250 1.8146
0.1300 1.8146
0.1350 1.8146
0.1400 1.8146
0.1450 1.8146
0.1500 1.8146
0.1550 1.8146
0.1600 1.8146
0.1650 1.8146
0.1700 1.8146
0.1750 1.8146
0.1800 1.8146
0.1850 1.8146
0.1900 1.8146
0.1950 1.8146
0.2000 1.8146
0.2050 1.8146
0.2100 1.8146
0.2150 1.8146
0.2200 1.8146
0.2250 1.8146
0.2300 1.8146
0.2350 1.8146
0.2400 1.8146
0.2450 1.8146
0.2500 1.8146
0.2550 1.8146
0.2600 1.8146
0.2650 1.8146
0.2700 1.8146
0.2750 1.8146
0.2800 1.8146
0.2850 1.8146
0.2900 1.8146
0.2950 1.8146
0.3000 1.8146
0.3050 1.8146
0.3100 1.8146
0.3150 1.8146
0.3200 1.8146
0.3250 1.8146
0.3300 1.8146
0.3350 1.8146
0.3400 1.8146
0.3450 1.8146
0.3500 1.8146
0.3550 1.8146
0.3600 1.8146
0.3650 1.8146
0.3700 1.8146
0.3750 1.8146
0.3800 1.8146
0.3850 1.8146
0.3900 1.8146
0.3950 1.8146
0.4000 1.8146
0.4050 1.8146
0.4100 1.8146
0.4150 1.8146
0.4200 1.8146
0.4250 1.8146
0.4300 1.8146
0.4350 1.8146
0.4400 1.8146
0.4450 1.8146
0.4500 1.8146
0.4550 1.8146
0.4600 1.8146
0.4650 1.8146
0.4700 1.8146
0.4750 1.8146
0.4800 1.8146
0.4850 1.8146
0.4900 1.8146
0.4950 1.8146
0.5000 1.8146
0.5050 1.8146
0.5100 1.8146
0.5150 1.8146
0.5200 1.8146
0.5250 1.8146
0.5300 1.8146
0.5350 1.8146
0.5400 1.8146
0.5450 1.8146
0.5500 1.8146
0.5550 1.8146
0.5600 1.8146
0.5650 1.8146
0.5700 1.8146
0.5750 1.8146
0.5800 1.8146
0.5850 1.8146
0.5900 1.8146
0.5950 1.8146
0.6000 1.8146
0.6050 1.8146
0.6100 1.8146
0.6150 1.8146
0.6200 1.8146
0.6250 1.8146
0.6300 1.8146
0.6350 1.8146
0.6400 1.8146
0.6450 1.8146
0.6500 1.8146
0.6550 1.8146
0.6600 1.8146
0.6650 1.8146
0.6700 1.8146
0.6750 1.8146
0.6800 1.8146
0.6850 1.8146
0.6900 1.8146
0.6950 1.8146
0.7000 1.8146
0.7050 1.8146
0.7100 1.8146
0.7150 1.8146
0.7200 1.8146
0.7250 1.8146
0.7300 1.8146
0.7350 1.8146
0.7400 1.8146
0.7450 1.8146
0.7500 1.8146
0.7550 1.8146
0.7600 1.8146
0.7650 1.8146
0.7700 1.8146
0.7750 1.8146
0.7800 1.8146
0.7850 1.8146
0.7900 1.8146
0.7950 1.8146
0.8000 1.8146
0.8050 1.8146
0.8100 1.8146
0.8150 1.8146
0.8200 1.8146
0.8250 1.8146
0.8300 1.8146
0.8350 1.8146
0.8400 1.8146
0.8450 1.8146
0.8500 1.8146
0.8550 1.8146
0.8600 1.8146
0.8650 1.8146
0.8700 1.8146
0.8750 1.8146
0.8800 1.8146
0.8850 1.8146
0.8900 1.8146
0.8950 1.8146
0.9000 1.8146
0.9050 1.8146
0.9100 1.8146
0.9150 1.8146
0.9200 1.8146
0.9250 1.8146
0.9300 1.8146
0.9350 1.8146
0.9400 1.8146
0.9450 1.8146
0.9500 1.8146
0.9550 1.8146
0.9600 1.8146
0.9650 1.8146
0.9700 1.8146
0.9750 1.8146
0.9800 1.8146
0.9850 1.8146
0.9900 1.8146
0.9950 1.8146
1.0000 1.8146
1.0050 1.8185
1.0100 1.8223
1.0150 1.8262
1.0200 1.8300
1.0250 1.8339
1.0300 1.8377
1.0350 1.8416
1.0400 1.8454
1.0450 1.8493
1.0500 1.8532
1.0550 1.8570
1.0600 1.8609
1.0650 1.8647
1.0700 1.8686
1.0750 1.8724
1.0800 1.8763
1.0850 1.8801
1.0900 1.8840
1.0950 1.8878
1.1000 1.8917
1.1050 1.8955
1.1100 1.8994
1.1150 1.9033
1.1200 1.9071
1.1250 1.9110
1.1300 1.9148
1.1350 1.9187
1.1400 1.9225
1.1450 1.9264
1.1500 1.9302
1.1550 1.9341
1.1600 1.9379
1.1650 1.9418
1.1700 1.9456
1.1750 1.9495
1.1800 1.9534
1.1850 1.9572
1.1900 1.9611
1.1950 1.9649
1.2000 1.9688
1.2050 1.9726
1.2100 1.9765
1.2150 1.9803
1.2200 1.9842
1.2250 1.9880
1.2300 1.9919
1.2350 1.9957
1.2400 1.9996
1.2450 2.0035
1.2500 2.0073
1.2550 2.0112
1.2600 2.0150
1.2650 2.0189
1.2700 2.0227
1.2750 2.0266
1.2800 2.0304
1.2850 2.0343
1.2900 2.0381
1.2950 2.0420
1.3000 2.0458
1.3050 2.0497
1.3100 2.0536
1.3150 2.0574
1.3200 2.0613
1.3250 2.0651
1.3300 2.0690
1.3350 2.0728
1.3400 2.0767
1.3450 2.0805
1.3500 2.0844
1.3550 2.0882
1.3600 2.0921
1.3650 2.0959
1.3700 2.0998
1.3750 2.1037
1.3800 2.1075
1.3850 2.1114
1.3900 2.1152
1.3950 2.1191
1.4000 2.1229
1.4050 2.1268
1.4100 2.1306
1.4150 2.1345
1.4200 2.1383
1.4250 2.1422
1.4300 2.1460
1.4350 2.1499
1.4400 2.1538
1.4450 2.1576
1.4500 2.1615
1.4550 2.1653
1.4600 2.1692
1.4650 2.1730
1.4700 2.1769
1.4750 2.1807
1.4800 2.1846
1.4850 2.1884
1.4900 2.1923
1.4950 2.1961
1.5000 2.2000
1.5050 2.2039
1.5100 2.2077
1.5150 2.2116
1.5200 2.2154
1.5250 2.2193
1.5300 2.2231
1.5350 2.2270
1.5400 2.2308
1.5450 2.2347
1.5500 2.2385
1.5550 2.2424
1.5600 2.2462
1.5650 2.2501
1.5700 2.2540
1.5750 2.2578
1.5800 2.2617
1.5850 2.2655
1.5900 2.2694
1.5950 2.2732
1.6000 2.2771
1.6050 2.2809
1.6100 2.2848
1.6150 2.2886
1.6200 2.2925
1.6250 2.2963
1.6300 2.3002
1.6350 2.3041
1.6400 2.3079
1.6450 2.3118
1.6500 2.3156
1.6550 2.3195
1.6600 2.3233
1.6650 2.3272
1.6700 2.3310
1.6750 2.3349
1.6800 2.3387
1.6850 2.3426
1.6900 2.3464
1.6950 2.3503
1.7000 2.3542
1.7050 2.3580
1.7100 2.3619
1.7150 2.3657
1.7200 2.3696
1.7250 2.3734
1.7300 2.3773
1.7350 2.3811
1.7400 2.3850
1.7450 2.3888
1.7500 2.3927
1.7550 2.3965
1.7600 2.4004
1.7650 2.4043
1.7700 2.4081
1.7750 2.4120
1.7800 2.4158
1.7850 2.4197
1.7900 2.4235
1.7950 2.4274
1.8000 2.4312
1.8050 2.4351
1.8100 2.4389
1.8150 2.4428
1.8200 2.4466
1.8250 2.4505
1.8300 2.4544
1.8350 2.4582
1.8400 2.4621
1.8450 2.4659
1.8500 2.4698
1.8550 2.4736
1.8600 2.4775
1.8650 2.4813
1.8700 2.4852
1.8750 2.4890
1.8800 2.4929
1.8850 2.4967
1.8900 2.5006
1.8950 2.5045
1.9000 2.5083
1.9050 2.5122
1.9100 2.5160
1.9150 2.5199
1.9200 2.5237
1.9250 2.5276
1.9300 2.5314
1.9350 2.5353
1.9400 2.5391
1.9450 2.5430
1.9500 2.5468
1.9550 2.5507
1.9600 2.5546
1.9650 2.5584
1.9700 2.5623
1.9750 2.5661
1.9800 2.5700
1.9850 2.5738
1.9900 2.5777
1.9950 2.5815
2.0000 2.5854
2.0050 2.5854
2.0100 2.5854
2.0150 2.5854
2.0200 2.5854
2.0250 2.5854
2.0300 2.5854
2.0350 2.5854
2.0400 2.5854
2.0450 2.5854
2.0500 2.5854
2.0550 2.5854
2.0600 2.5854
2.0650 2.5854
2.0700 2.5854
2.0750 2.5854
2.0800 2.5854
2.0850 2.5854
2.0900 2.5854
2.0950 2.5854
2.1000 2.5854
2.1050 2.5854
2.1100 2.5854
2.1150 2.5854
2.1200 2.5854
2.1250 2.5854
2.1300 2.5854
2.1350 2.5854
2.1400 2.5854
2.1450 2.5854
2.1500 2.5854
2.1550 2.5854
2.1600 2.5854
2.1650 2.5854
2.1700 2.5854
2.1750 2.5854
2.1800 2.5854
2.1850 2.5854
2.1900 2.5854
2.1950 2.5854
2.2000 2.5854
2.2050 2.5854
2.2100 2.5854
2.2150 2.5854
2.2200 2.5854
2.2250 2.5854
2.2300 2.5854
2.2350 2.5854
2.2400 2.5854
2.2450 2.5854
2.2500 2.5854
2.2550 2.5854
2.2600 2.5854
2.2650 2.5854
2.2700 2.5854
2.2750 2.5854
2.2800 2.5854
2.2850 2.5854
2.2900 2.5854
2.2950 2.5854
2.3000 2.5854
2.3050 2.5854
2.3100 2.5854
2.3150 2.5854
2.3200 2.5854
2.3250 2.5854
2.3300 2.5854
2.3350 2.5854
2.3400 2.5854
2.3450 2.5854
2.3500 2.5854
2.3550 2.5854
2.3600 2.5854
2.3650 2.5854
2.3700 2.5854
2.3750 2.5854
2.3800 2.5854
2.3850 2.5854
2.3900 2.5854
2.3950 2.5854
2.4000 2.5854
2.4050 2.5854
2.4100 2.5854
2.4150 2.5854
2.4200 2.5854
2.4250 2.5854
2.4300 2.5854
2.4350 2.5854
2.4400 2.5854
2.4450 2.5854
2.4500 2.5854
2.4550 2.5854
2.4600 2.5854
2.4650 2.5854
2.4700 2.5854
2.4750 2.5854
2.4800 2.5854
2.4850 2.5854
2.4900 2.5854
2.4950 2.5854
2.5000 2.5854
2.5050 2.5854
2.5100 2.5854
2.5150 2.5854
2.5200 2.5854
2.5250 2.5854
2.5300 2.5854
2.5350 2.5854
2.5400 2.5854
2.5450 2.5854
2.5500 2.5854
2.5550 2.5854
2.5600 2.5854
2.5650 2.5854
2.5700 2.5854
2.5750 2.5854
2.5800 2.5854
2.5850 2.5854
2.5900 2.5854
2.5950 2.5854
2.6000 2.5854
2.6050 2.5854
2.6100 2.5854
2.6150 2.5854
2.6200 2.5854
2.6250 2.5854
2.6300 2.5854
2.6350 2.5854
2.6400 2.5854
2.6450 2.5854
2.6500 2.5854
2.6550 2.5854
2.6600 2.5854
2.6650 2.5854
2.6700 2.5854
2.6750 2.5854
2.6800 2.5854
2.6850 2.5854
2.6900 2.5854
2.6950 2.5854
2.7000 2.5854
2.7050 2.5854
2.7100 2.5854
2.7150 2.5854
2.7200 2.5854
2.7250 2.5854
2.7300 2.5854
2.7350 2.5854
2.7400 2.5854
2.7450 2.5854
2.7500 2.5854
2.7550 2.5854
2.7600 2.5854
2.7650 2.5854
2.7700 2.5854
2.7750 2.5854
2.7800 2.5854
2.7850 2.5854
2.7900 2.5854
2.7950 2.5854
2.8000 2.5854
2.8050 2.5854
2.8100 2.5854
2.8150 2.5854
2.8200 2.5854
2.8250 2.5854
2.8300 2.5854
2.8350 2.5854
2.8400 2.5854
2.8450 2.5854
2.8500 2.5854
2.8550 2.5854
2.8600 2.5854
2.8650 2.5854
2.8700 2.5854
2.8750 2.5854
2.8800 2.5854
2.8850 2.5854
2.8900 2.5854
2.8950 2.5854
2.9000 2.5854
2.9050 2.5854
2.9100 2.5854
2.9150 2.5854
2.9200 2.5854
2.9250 2.5854
2.9300 2.5854
2.9350 2.5854
2.9400 2.5854
2.9450 2.5854
2.9500 2.5854
2.9550 2.5854
2.9600 2.5854
2.9650 2.5854
2.9700 2.5854
2.9750 2.5854
2.9800 2.5854
2.9850 2.5854
2.9900 2.5854
2.9950 2.5854
3.0000 2.5854
