1.0000 2.2000
2.0000 2.2000
3.0000 2.2000
4.0000 2.2000
5.0000 2.2000
6.0000 2.2000
7.0000 2.2000
8.0000 2.2000
9.0000 2.2000
10.0000 2.2000
11.0000 2.2000
12.0000 2.2000
13.0000 2.2000
14.0000 2.2000
15.0000 2.2000
16.0000 2.2000
17.0000 2.2000
18.0000 2.2000
19.0000 2.2000
20.0000 2.2000
21.0000 2.2000
22.0000 2.2000
23.0000 2.2000
24.0000 2.2000
25.0000 2.2000
26.0000 2.2000
27.0000 2.2000
28.0000 2.2000
29.0000 2.2000
30.0000 2.2002
31.0000 2.2006
32.0000 2.2014
33.0000 2.2024
34.0000 2.2035
35.0000 2.2049
36.0000 2.2063
37.0000 2.2079
38.0000 2.2096
39.0000 2.2113
40.0000 2.2131
41.0000 2.2150
42.0000 2.2169
43.0000 2.2187
44.0000 2.2206
45.0000 2.2225
46.0000 2.2244
47.0000 2.2263
48.0000 2.2281
49.0000 2.2300
50.0000 2.2317
51.0000 2.2335
52.0000 2.2352
53.0000 2.2369
54.0000 2.2385
55.0000 2.2401
56.0000 2.2416
57.0000 2.2431
58.0000 2.2446
59.0000 2.2460
60.0000 2.2473
61.0000 2.2486
62.0000 2.2499
63.0000 2.2511
64.0000 2.2523
65.0000 2.2534
66.0000 2.2545
67.0000 2.2555
68.0000 2.2565
69.0000 2.2575
70.0000 2.2584
71.0000 2.2593
72.0000 2.2601
73.0000 2.2609
74.0000 2.2617
75.0000 2.2624
76.0000 2.2631
77.0000 2.2638
78.0000 2.2644
79.0000 2.2651
80.0000 2.2657
81.0000 2.2662
82.0000 2.2668
83.0000 2.2673
84.0000 2.2677
85.0000 2.2682
86.0000 2.2687
87.0000 2.2691
88.0000 2.2695
89.0000 2.2699
90.0000 2.2702
91.0000 2.2706
92.0000 2.2709
93.0000 2.2712
94.0000 2.2715
95.0000 2.2718
96.0000 2.2721
97.0000 2.2723
98.0000 2.2726
99.0000 2.2728
100.0000 2.2730
101.0000 2.2732
102.0000 2.2734
103.0000 2.2736
104.0000 2.2738
105.0000 2.2740
106.0000 2.2741
107.0000 2.2743
108.0000 2.2744
109.0000 2.2746
110.0000 2.2747
111.0000 2.2748
112.0000 2.2749
113.0000 2.2751
114.0000 2.2752
115.0000 2.2753
116.0000 2.2754
117.0000 2.2755
118.0000 2.2755
119.0000 2.2756
120.0000 2.2757
121.0000 2.2758
122.0000 2.2758
123.0000 2.2759
124.0000 2.2760
125.0000 2.2760
126.0000 2.2761
127.0000 2.2761
128.0000 2.2762
129.0000 2.2762
130.0000 2.2763
131.0000 2.2763
132.0000 2.2764
133.0000 2.2764
134.0000 2.2764
135.0000 2.2765
136.0000 2.2765
137.0000 2.2765
138.0000 2.2766
139.0000 2.2766
140.0000 2.2766
141.0000 2.2766
142.0000 2.2767
143.0000 2.2767
144.0000 2.2767
145.0000 2.2767
146.0000 2.2767
147.0000 2.2768
148.0000 2.2768
149.0000 2.2768
150.0000 2.2768
151.0000 2.2768
152.0000 2.2768
153.0000 2.2769
154.0000 2.2769
155.0000 2.2769
156.0000 2.2769
157.0000 2.2769
158.0000 2.2769
159.0000 2.2769
160.0000 2.2769
161.0000 2.2769
162.0000 2.2769
163.0000 2.2769
164.0000 2.2770
165.0000 2.2770
166.0000 2.2770
167.0000 2.2770
168.0000 2.2770
169.0000 2.2770
170.0000 2.2770
171.0000 2.2770
172.0000 2.2770
173.0000 2.2770
174.0000 2.2770
175.0000 2.2770
176.0000 2.2770
177.0000 2.2770
178.0000 2.2770
179.0000 2.2770
180.0000 2.2770
181.0000 2.2770
182.0000 2.2770
183.0000 2.2770
184.0000 2.2770
185.0000 2.2770
186.0000 2.2770
187.0000 2.2770
188.0000 2.2770
189.0000 2.2770
190.0000 2.2770
191.0000 2.2771
192.0000 2.2771
193.0000 2.2771
194.0000 2.2771
195.0000 2.2771
196.0000 2.2771
197.0000 2.2771
198.0000 2.2771
199.0000 2.2771
200.0000 2.2771
201.0000 2.2771
202.0000 2.2771
203.0000 2.2771
204.0000 2.2771
205.0000 2.2771
206.0000 2.2771
207.0000 2.2771
208.0000 2.2771
209.0000 2.2771
210.0000 2.2771
211.0000 2.2771
212.0000 2.2771
213.0000 2.2771
214.0000 2.2771
215.0000 2.2771
216.0000 2.2771
217.0000 2.2771
218.0000 2.2771
219.0000 2.2771
220.0000 2.2771
221.0000 2.2771
222.0000 2.2771
223.0000 2.2771
224.0000 2.2771
225.0000 2.2771
226.0000 2.2771
227.0000 2.2771
228.0000 2.2771
229.0000 2.2771
230.0000 2.2771
231.0000 2.2771
232.0000 2.2771
233.0000 2.2771
234.0000 2.2771
235.0000 2.2771
236.0000 2.2771
237.0000 2.2771
238.0000 2.2771
239.0000 2.2771
240.0000 2.2771
241.0000 2.2771
242.0000 2.2771
243.0000 2.2771
244.0000 2.2771
245.0000 2.2771
246.0000 2.2771
247.0000 2.2771
248.0000 2.2771
249.0000 2.2771
250.0000 2.2771
251.0000 2.2771
252.0000 2.2771
253.0000 2.2771
254.0000 2.2771
255.0000 2.2771
256.0000 2.2771
257.0000 2.2771
258.0000 2.2771
259.0000 2.2771
260.0000 2.2771
261.0000 2.2771
262.0000 2.2771
263.0000 2.2771
264.0000 2.2771
265.0000 2.2771
266.0000 2.2771
267.0000 2.2771
268.0000 2.2771
269.0000 2.2771
270.0000 2.2771
271.0000 2.2771
272.0000 2.2771
273.0000 2.2771
274.0000 2.2771
275.0000 2.2771
276.0000 2.2771
277.0000 2.2771
278.0000 2.2771
279.0000 2.2771
280.0000 2.2771
281.0000 2.2771
282.0000 2.2771
283.0000 2.2771
284.0000 2.2771
285.0000 2.2771
286.0000 2.2771
287.0000 2.2771
288.0000 2.2771
289.0000 2.2771
290.0000 2.2771
291.0000 2.2771
292.0000 2.2771
293.0000 2.2771
294.0000 2.2771
295.0000 2.2771
296.0000 2.2771
297.0000 2.2771
298.0000 2.2771
299.0000 2.2771
300.0000 2.2771
