1.0000 2.2000
2.0000 2.2000
3.0000 2.2000
4.0000 2.2000
5.0000 2.2000
6.0000 2.2000
7.0000 2.2000
8.0000 2.2000
9.0000 2.2000
10.0000 2.2000
11.0000 2.2000
12.0000 2.2000
13.0000 2.2000
14.0000 2.2000
15.0000 2.2000
16.0000 2.2000
17.0000 2.2000
18.0000 2.2000
19.0000 2.2000
20.0000 2.2000
21.0000 2.2000
22.0000 2.2000
23.0000 2.2000
24.0000 2.2000
25.0000 2.2000
26.0000 2.2000
27.0000 2.2000
28.0000 2.2000
29.0000 2.2000
30.0000 2.2007
31.0000 2.2026
32.0000 2.2055
33.0000 2.2094
34.0000 2.2141
35.0000 2.2194
36.0000 2.2253
37.0000 2.2316
38.0000 2.2383
39.0000 2.2453
40.0000 2.2525
41.0000 2.2599
42.0000 2.2674
43.0000 2.2750
44.0000 2.2826
45.0000 2.2902
46.0000 2.2977
47.0000 2.3052
48.0000 2.3125
49.0000 2.3198
50.0000 2.3270
51.0000 2.3340
52.0000 2.3408
53.0000 2.3475
54.0000 2.3540
55.0000 2.3603
56.0000 2.3665
57.0000 2.3724
58.0000 2.3782
59.0000 2.3838
60.0000 2.3892
61.0000 2.3944
62.0000 2.3995
63.0000 2.4043
64.0000 2.4090
65.0000 2.4135
66.0000 2.4178
67.0000 2.4220
68.0000 2.4260
69.0000 2.4298
70.0000 2.4335
71.0000 2.4370
72.0000 2.4404
73.0000 2.4436
74.0000 2.4467
75.0000 2.4497
76.0000 2.4525
77.0000 2.4552
78.0000 2.4578
79.0000 2.4603
80.0000 2.4626
81.0000 2.4649
82.0000 2.4670
83.0000 2.4690
84.0000 2.4710
85.0000 2.4729
86.0000 2.4746
87.0000 2.4763
88.0000 2.4779
89.0000 2.4795
90.0000 2.4809
91.0000 2.4823
92.0000 2.4836
93.0000 2.4849
94.0000 2.4861
95.0000 2.4872
96.0000 2.4883
97.0000 2.4893
98.0000 2.4903
99.0000 2.4912
100.0000 2.4921
101.0000 2.4929
102.0000 2.4937
103.0000 2.4945
104.0000 2.4952
105.0000 2.4959
106.0000 2.4965
107.0000 2.4972
108.0000 2.4977
109.0000 2.4983
110.0000 2.4988
111.0000 2.4993
112.0000 2.4998
113.0000 2.5002
114.0000 2.5007
115.0000 2.5011
116.0000 2.5014
117.0000 2.5018
118.0000 2.5021
119.0000 2.5025
120.0000 2.5028
121.0000 2.5031
122.0000 2.5034
123.0000 2.5036
124.0000 2.5039
125.0000 2.5041
126.0000 2.5043
127.0000 2.5045
128.0000 2.5047
129.0000 2.5049
130.0000 2.5051
131.0000 2.5053
132.0000 2.5054
133.0000 2.5056
134.0000 2.5057
135.0000 2.5059
136.0000 2.5060
137.0000 2.5061
138.0000 2.5062
139.0000 2.5064
140.0000 2.5065
141.0000 2.5066
142.0000 2.5067
143.0000 2.5067
144.0000 2.5068
145.0000 2.5069
146.0000 2.5070
147.0000 2.5071
148.0000 2.5071
149.0000 2.5072
150.0000 2.5072
151.0000 2.5073
152.0000 2.5074
153.0000 2.5074
154.0000 2.5075
155.0000 2.5075
156.0000 2.5075
157.0000 2.5076
158.0000 2.5076
159.0000 2.5077
160.0000 2.5077
161.0000 2.5077
162.0000 2.5078
163.0000 2.5078
164.0000 2.5078
165.0000 2.5078
166.0000 2.5079
167.0000 2.5079
168.0000 2.5079
169.0000 2.5079
170.0000 2.5080
171.0000 2.5080
172.0000 2.5080
173.0000 2.5080
174.0000 2.5080
175.0000 2.5080
176.0000 2.5081
177.0000 2.5081
178.0000 2.5081
179.0000 2.5081
180.0000 2.5081
181.0000 2.5081
182.0000 2.5081
183.0000 2.5081
184.0000 2.5081
185.0000 2.5082
186.0000 2.5082
187.0000 2.5082
188.0000 2.5082
189.0000 2.5082
190.0000 2.5082
191.0000 2.5082
192.0000 2.5082
193.0000 2.5082
194.0000 2.5082
195.0000 2.5082
196.0000 2.5082
197.0000 2.5082
198.0000 2.5082
199.0000 2.5082
200.0000 2.5082
201.0000 2.5082
202.0000 2.5083
203.0000 2.5083
204.0000 2.5083
205.0000 2.5083
206.0000 2.5083
207.0000 2.5083
208.0000 2.5083
209.0000 2.5083
210.0000 2.5083
211.0000 2.5083
212.0000 2.5083
213.0000 2.5083
214.0000 2.5083
215.0000 2.5083
216.0000 2.5083
217.0000 2.5083
218.0000 2.5083
219.0000 2.5083
220.0000 2.5083
221.0000 2.5083
222.0000 2.5083
223.0000 2.5083
224.0000 2.5083
225.0000 2.5083
226.0000 2.5083
227.0000 2.5083
228.0000 2.5083
229.0000 2.5083
230.0000 2.5083
231.0000 2.5083
232.0000 2.5083
233.0000 2.5083
234.0000 2.5083
235.0000 2.5083
236.0000 2.5083
237.0000 2.5083
238.0000 2.5083
239.0000 2.5083
240.0000 2.5083
241.0000 2.5083
242.0000 2.5083
243.0000 2.5083
244.0000 2.5083
245.0000 2.5083
246.0000 2.5083
247.0000 2.5083
248.0000 2.5083
249.0000 2.5083
250.0000 2.5083
251.0000 2.5083
252.0000 2.5083
253.0000 2.5083
254.0000 2.5083
255.0000 2.5083
256.0000 2.5083
257.0000 2.5083
258.0000 2.5083
259.0000 2.5083
260.0000 2.5083
261.0000 2.5083
262.0000 2.5083
263.0000 2.5083
264.0000 2.5083
265.0000 2.5083
266.0000 2.5083
267.0000 2.5083
268.0000 2.5083
269.0000 2.5083
270.0000 2.5083
271.0000 2.5083
272.0000 2.5083
273.0000 2.5083
274.0000 2.5083
275.0000 2.5083
276.0000 2.5083
277.0000 2.5083
278.0000 2.5083
279.0000 2.5083
280.0000 2.5083
281.0000 2.5083
282.0000 2.5083
283.0000 2.5083
284.0000 2.5083
285.0000 2.5083
286.0000 2.5083
287.0000 2.5083
288.0000 2.5083
289.0000 2.5083
290.0000 2.5083
291.0000 2.5083
292.0000 2.5083
293.0000 2.5083
294.0000 2.5083
295.0000 2.5083
296.0000 2.5083
297.0000 2.5083
298.0000 2.5083
299.0000 2.5083
300.0000 2.5083
