1.0000 0.0000
2.0000 0.0000
3.0000 0.0000
4.0000 0.0000
5.0000 0.0000
6.0000 0.0000
7.0000 0.0000
8.0000 0.0000
9.0000 0.0000
10.0000 0.0000
11.0000 0.0000
12.0000 0.0000
13.0000 0.0000
14.0000 0.0000
15.0000 0.0000
16.0000 0.0000
17.0000 0.0000
18.0000 0.0000
19.0000 0.0000
20.0000 0.0000
21.0000 0.0000
22.0000 0.0000
23.0000 0.0000
24.0000 0.0000
25.0000 0.0000
26.0000 0.0000
27.0000 0.0000
28.0000 0.0000
29.0000 0.0000
30.0000 0.0017
31.0000 0.0064
32.0000 0.0139
33.0000 0.0236
34.0000 0.0352
35.0000 0.0485
36.0000 0.0632
37.0000 0.0790
38.0000 0.0958
39.0000 0.1133
40.0000 0.1313
41.0000 0.1498
42.0000 0.1685
43.0000 0.1875
44.0000 0.2064
45.0000 0.2254
46.0000 0.2442
47.0000 0.2629
48.0000 0.2814
49.0000 0.2995
50.0000 0.3174
51.0000 0.3349
52.0000 0.3520
53.0000 0.3687
54.0000 0.3850
55.0000 0.4008
56.0000 0.4162
57.0000 0.4311
58.0000 0.4456
59.0000 0.4595
60.0000 0.4731
61.0000 0.4861
62.0000 0.4987
63.0000 0.5108
64.0000 0.5225
65.0000 0.5338
66.0000 0.5446
67.0000 0.5550
68.0000 0.5650
69.0000 0.5746
70.0000 0.5837
71.0000 0.5925
72.0000 0.6010
73.0000 0.6091
74.0000 0.6168
75.0000 0.6242
76.0000 0.6312
77.0000 0.6380
78.0000 0.6445
79.0000 0.6506
80.0000 0.6565
81.0000 0.6621
82.0000 0.6675
83.0000 0.6726
84.0000 0.6775
85.0000 0.6821
86.0000 0.6866
87.0000 0.6908
88.0000 0.6948
89.0000 0.6986
90.0000 0.7023
91.0000 0.7058
92.0000 0.7091
93.0000 0.7122
94.0000 0.7152
95.0000 0.7180
96.0000 0.7207
97.0000 0.7233
98.0000 0.7257
99.0000 0.7281
100.0000 0.7303
101.0000 0.7324
102.0000 0.7343
103.0000 0.7362
104.0000 0.7380
105.0000 0.7397
106.0000 0.7413
107.0000 0.7429
108.0000 0.7443
109.0000 0.7457
110.0000 0.7470
111.0000 0.7483
112.0000 0.7495
113.0000 0.7506
114.0000 0.7516
115.0000 0.7527
116.0000 0.7536
117.0000 0.7545
118.0000 0.7554
119.0000 0.7562
120.0000 0.7570
121.0000 0.7577
122.0000 0.7584
123.0000 0.7590
124.0000 0.7597
125.0000 0.7603
126.0000 0.7608
127.0000 0.7613
128.0000 0.7619
129.0000 0.7623
130.0000 0.7628
131.0000 0.7632
132.0000 0.7636
133.0000 0.7640
134.0000 0.7644
135.0000 0.7647
136.0000 0.7650
137.0000 0.7653
138.0000 0.7656
139.0000 0.7659
140.0000 0.7662
141.0000 0.7664
142.0000 0.7666
143.0000 0.7669
144.0000 0.7671
145.0000 0.7673
146.0000 0.7675
147.0000 0.7676
148.0000 0.7678
149.0000 0.7680
150.0000 0.7681
151.0000 0.7683
152.0000 0.7684
153.0000 0.7685
154.0000 0.7686
155.0000 0.7688
156.0000 0.7689
157.0000 0.7690
158.0000 0.7691
159.0000 0.7692
160.0000 0.7693
161.0000 0.7693
162.0000 0.7694
163.0000 0.7695
164.0000 0.7696
165.0000 0.7696
166.0000 0.7697
167.0000 0.7697
168.0000 0.7698
169.0000 0.7699
170.0000 0.7699
171.0000 0.7699
172.0000 0.7700
173.0000 0.7700
174.0000 0.7701
175.0000 0.7701
176.0000 0.7701
177.0000 0.7702
178.0000 0.7702
179.0000 0.7702
180.0000 0.7703
181.0000 0.7703
182.0000 0.7703
183.0000 0.7704
184.0000 0.7704
185.0000 0.7704
186.0000 0.7704
187.0000 0.7704
188.0000 0.7705
189.0000 0.7705
190.0000 0.7705
191.0000 0.7705
192.0000 0.7705
193.0000 0.7705
194.0000 0.7705
195.0000 0.7706
196.0000 0.7706
197.0000 0.7706
198.0000 0.7706
199.0000 0.7706
200.0000 0.7706
201.0000 0.7706
202.0000 0.7706
203.0000 0.7706
204.0000 0.7706
205.0000 0.7706
206.0000 0.7707
207.0000 0.7707
208.0000 0.7707
209.0000 0.7707
210.0000 0.7707
211.0000 0.7707
212.0000 0.7707
213.0000 0.7707
214.0000 0.7707
215.0000 0.7707
216.0000 0.7707
217.0000 0.7707
218.0000 0.7707
219.0000 0.7707
220.0000 0.7707
221.0000 0.7707
222.0000 0.7707
223.0000 0.7707
224.0000 0.7707
225.0000 0.7707
226.0000 0.7707
227.0000 0.7707
228.0000 0.7707
229.0000 0.7707
230.0000 0.7707
231.0000 0.7707
232.0000 0.7707
233.0000 0.7707
234.0000 0.7707
235.0000 0.7707
236.0000 0.7707
237.0000 0.7708
238.0000 0.7708
239.0000 0.7708
240.0000 0.7708
241.0000 0.7708
242.0000 0.7708
243.0000 0.7708
244.0000 0.7708
245.0000 0.7708
246.0000 0.7708
247.0000 0.7708
248.0000 0.7708
249.0000 0.7708
250.0000 0.7708
251.0000 0.7708
252.0000 0.7708
253.0000 0.7708
254.0000 0.7708
255.0000 0.7708
256.0000 0.7708
257.0000 0.7708
258.0000 0.7708
259.0000 0.7708
260.0000 0.7708
261.0000 0.7708
262.0000 0.7708
263.0000 0.7708
264.0000 0.7708
265.0000 0.7708
266.0000 0.7708
267.0000 0.7708
268.0000 0.7708
269.0000 0.7708
270.0000 0.7708
271.0000 0.7708
272.0000 0.7708
273.0000 0.7708
274.0000 0.7708
275.0000 0.7708
276.0000 0.7708
277.0000 0.7708
278.0000 0.7708
279.0000 0.7708
280.0000 0.7708
281.0000 0.7708
282.0000 0.7708
283.0000 0.7708
284.0000 0.7708
285.0000 0.7708
286.0000 0.7708
287.0000 0.7708
288.0000 0.7708
289.0000 0.7708
290.0000 0.7708
291.0000 0.7708
292.0000 0.7708
293.0000 0.7708
294.0000 0.7708
295.0000 0.7708
296.0000 0.7708
297.0000 0.7708
298.0000 0.7708
299.0000 0.7708
300.0000 0.7708
