1.0000 2.2000
2.0000 2.2000
3.0000 2.2000
4.0000 2.2000
5.0000 2.2000
6.0000 2.2000
7.0000 2.2000
8.0000 2.2000
9.0000 2.2000
10.0000 2.2000
11.0000 2.2000
12.0000 2.2000
13.0000 2.2000
14.0000 2.2000
15.0000 2.2000
16.0000 2.2000
17.0000 2.2000
18.0000 2.2000
19.0000 2.2000
20.0000 2.2000
21.0000 2.2000
22.0000 2.2000
23.0000 2.2000
24.0000 2.2000
25.0000 2.2000
26.0000 2.2000
27.0000 2.2000
28.0000 2.2000
29.0000 2.2000
30.0000 2.2003
31.0000 2.2013
32.0000 2.2028
33.0000 2.2047
34.0000 2.2070
35.0000 2.2097
36.0000 2.2126
37.0000 2.2158
38.0000 2.2192
39.0000 2.2227
40.0000 2.2263
41.0000 2.2300
42.0000 2.2337
43.0000 2.2375
44.0000 2.2413
45.0000 2.2451
46.0000 2.2488
47.0000 2.2526
48.0000 2.2563
49.0000 2.2599
50.0000 2.2635
51.0000 2.2670
52.0000 2.2704
53.0000 2.2737
54.0000 2.2770
55.0000 2.2802
56.0000 2.2832
57.0000 2.2862
58.0000 2.2891
59.0000 2.2919
60.0000 2.2946
61.0000 2.2972
62.0000 2.2997
63.0000 2.3022
64.0000 2.3045
65.0000 2.3068
66.0000 2.3089
67.0000 2.3110
68.0000 2.3130
69.0000 2.3149
70.0000 2.3167
71.0000 2.3185
72.0000 2.3202
73.0000 2.3218
74.0000 2.3234
75.0000 2.3248
76.0000 2.3262
77.0000 2.3276
78.0000 2.3289
79.0000 2.3301
80.0000 2.3313
81.0000 2.3324
82.0000 2.3335
83.0000 2.3345
84.0000 2.3355
85.0000 2.3364
86.0000 2.3373
87.0000 2.3382
88.0000 2.3390
89.0000 2.3397
90.0000 2.3405
91.0000 2.3412
92.0000 2.3418
93.0000 2.3424
94.0000 2.3430
95.0000 2.3436
96.0000 2.3441
97.0000 2.3447
98.0000 2.3451
99.0000 2.3456
100.0000 2.3461
101.0000 2.3465
102.0000 2.3469
103.0000 2.3472
104.0000 2.3476
105.0000 2.3479
106.0000 2.3483
107.0000 2.3486
108.0000 2.3489
109.0000 2.3491
110.0000 2.3494
111.0000 2.3497
112.0000 2.3499
113.0000 2.3501
114.0000 2.3503
115.0000 2.3505
116.0000 2.3507
117.0000 2.3509
118.0000 2.3511
119.0000 2.3512
120.0000 2.3514
121.0000 2.3515
122.0000 2.3517
123.0000 2.3518
124.0000 2.3519
125.0000 2.3521
126.0000 2.3522
127.0000 2.3523
128.0000 2.3524
129.0000 2.3525
130.0000 2.3526
131.0000 2.3526
132.0000 2.3527
133.0000 2.3528
134.0000 2.3529
135.0000 2.3529
136.0000 2.3530
137.0000 2.3531
138.0000 2.3531
139.0000 2.3532
140.0000 2.3532
141.0000 2.3533
142.0000 2.3533
143.0000 2.3534
144.0000 2.3534
145.0000 2.3535
146.0000 2.3535
147.0000 2.3535
148.0000 2.3536
149.0000 2.3536
150.0000 2.3536
151.0000 2.3537
152.0000 2.3537
153.0000 2.3537
154.0000 2.3537
155.0000 2.3538
156.0000 2.3538
157.0000 2.3538
158.0000 2.3538
159.0000 2.3538
160.0000 2.3539
161.0000 2.3539
162.0000 2.3539
163.0000 2.3539
164.0000 2.3539
165.0000 2.3539
166.0000 2.3539
167.0000 2.3539
168.0000 2.3540
169.0000 2.3540
170.0000 2.3540
171.0000 2.3540
172.0000 2.3540
173.0000 2.3540
174.0000 2.3540
175.0000 2.3540
176.0000 2.3540
177.0000 2.3540
178.0000 2.3540
179.0000 2.3540
180.0000 2.3541
181.0000 2.3541
182.0000 2.3541
183.0000 2.3541
184.0000 2.3541
185.0000 2.3541
186.0000 2.3541
187.0000 2.3541
188.0000 2.3541
189.0000 2.3541
190.0000 2.3541
191.0000 2.3541
192.0000 2.3541
193.0000 2.3541
194.0000 2.3541
195.0000 2.3541
196.0000 2.3541
197.0000 2.3541
198.0000 2.3541
199.0000 2.3541
200.0000 2.3541
201.0000 2.3541
202.0000 2.3541
203.0000 2.3541
204.0000 2.3541
205.0000 2.3541
206.0000 2.3541
207.0000 2.3541
208.0000 2.3541
209.0000 2.3541
210.0000 2.3541
211.0000 2.3541
212.0000 2.3541
213.0000 2.3541
214.0000 2.3541
215.0000 2.3541
216.0000 2.3541
217.0000 2.3541
218.0000 2.3541
219.0000 2.3541
220.0000 2.3541
221.0000 2.3541
222.0000 2.3541
223.0000 2.3541
224.0000 2.3541
225.0000 2.3541
226.0000 2.3541
227.0000 2.3541
228.0000 2.3541
229.0000 2.3541
230.0000 2.3541
231.0000 2.3541
232.0000 2.3541
233.0000 2.3541
234.0000 2.3541
235.0000 2.3541
236.0000 2.3541
237.0000 2.3542
238.0000 2.3542
239.0000 2.3542
240.0000 2.3542
241.0000 2.3542
242.0000 2.3542
243.0000 2.3542
244.0000 2.3542
245.0000 2.3542
246.0000 2.3542
247.0000 2.3542
248.0000 2.3542
249.0000 2.3542
250.0000 2.3542
251.0000 2.3542
252.0000 2.3542
253.0000 2.3542
254.0000 2.3542
255.0000 2.3542
256.0000 2.3542
257.0000 2.3542
258.0000 2.3542
259.0000 2.3542
260.0000 2.3542
261.0000 2.3542
262.0000 2.3542
263.0000 2.3542
264.0000 2.3542
265.0000 2.3542
266.0000 2.3542
267.0000 2.3542
268.0000 2.3542
269.0000 2.3542
270.0000 2.3542
271.0000 2.3542
272.0000 2.3542
273.0000 2.3542
274.0000 2.3542
275.0000 2.3542
276.0000 2.3542
277.0000 2.3542
278.0000 2.3542
279.0000 2.3542
280.0000 2.3542
281.0000 2.3542
282.0000 2.3542
283.0000 2.3542
284.0000 2.3542
285.0000 2.3542
286.0000 2.3542
287.0000 2.3542
288.0000 2.3542
289.0000 2.3542
290.0000 2.3542
291.0000 2.3542
292.0000 2.3542
293.0000 2.3542
294.0000 2.3542
295.0000 2.3542
296.0000 2.3542
297.0000 2.3542
298.0000 2.3542
299.0000 2.3542
300.0000 2.3542
