1.0000 2.2000
2.0000 2.2000
3.0000 2.2000
4.0000 2.2000
5.0000 2.2000
6.0000 2.2000
7.0000 2.2000
8.0000 2.2000
9.0000 2.2000
10.0000 2.2000
11.0000 2.2000
12.0000 2.2000
13.0000 2.2000
14.0000 2.2000
15.0000 2.2000
16.0000 2.2000
17.0000 2.2000
18.0000 2.2000
19.0000 2.2000
20.0000 2.2000
21.0000 2.2000
22.0000 2.2000
23.0000 2.2000
24.0000 2.2000
25.0000 2.2000
26.0000 2.2000
27.0000 2.2000
28.0000 2.2000
29.0000 2.2000
30.0000 2.2005
31.0000 2.2019
32.0000 2.2042
33.0000 2.2071
34.0000 2.2106
35.0000 2.2146
36.0000 2.2190
37.0000 2.2237
38.0000 2.2287
39.0000 2.2340
40.0000 2.2394
41.0000 2.2449
42.0000 2.2506
43.0000 2.2562
44.0000 2.2619
45.0000 2.2676
46.0000 2.2733
47.0000 2.2789
48.0000 2.2844
49.0000 2.2899
50.0000 2.2952
51.0000 2.3005
52.0000 2.3056
53.0000 2.3106
54.0000 2.3155
55.0000 2.3202
56.0000 2.3249
57.0000 2.3293
58.0000 2.3337
59.0000 2.3379
60.0000 2.3419
61.0000 2.3458
62.0000 2.3496
63.0000 2.3533
64.0000 2.3568
65.0000 2.3601
66.0000 2.3634
67.0000 2.3665
68.0000 2.3695
69.0000 2.3724
70.0000 2.3751
71.0000 2.3778
72.0000 2.3803
73.0000 2.3827
74.0000 2.3850
75.0000 2.3873
76.0000 2.3894
77.0000 2.3914
78.0000 2.3933
79.0000 2.3952
80.0000 2.3970
81.0000 2.3986
82.0000 2.4003
83.0000 2.4018
84.0000 2.4032
85.0000 2.4046
86.0000 2.4060
87.0000 2.4072
88.0000 2.4084
89.0000 2.4096
90.0000 2.4107
91.0000 2.4117
92.0000 2.4127
93.0000 2.4137
94.0000 2.4146
95.0000 2.4154
96.0000 2.4162
97.0000 2.4170
98.0000 2.4177
99.0000 2.4184
100.0000 2.4191
101.0000 2.4197
102.0000 2.4203
103.0000 2.4209
104.0000 2.4214
105.0000 2.4219
106.0000 2.4224
107.0000 2.4229
108.0000 2.4233
109.0000 2.4237
110.0000 2.4241
111.0000 2.4245
112.0000 2.4248
113.0000 2.4252
114.0000 2.4255
115.0000 2.4258
116.0000 2.4261
117.0000 2.4264
118.0000 2.4266
119.0000 2.4269
120.0000 2.4271
121.0000 2.4273
122.0000 2.4275
123.0000 2.4277
124.0000 2.4279
125.0000 2.4281
126.0000 2.4282
127.0000 2.4284
128.0000 2.4286
129.0000 2.4287
130.0000 2.4288
131.0000 2.4290
132.0000 2.4291
133.0000 2.4292
134.0000 2.4293
135.0000 2.4294
136.0000 2.4295
137.0000 2.4296
138.0000 2.4297
139.0000 2.4298
140.0000 2.4298
141.0000 2.4299
142.0000 2.4300
143.0000 2.4301
144.0000 2.4301
145.0000 2.4302
146.0000 2.4302
147.0000 2.4303
148.0000 2.4303
149.0000 2.4304
150.0000 2.4304
151.0000 2.4305
152.0000 2.4305
153.0000 2.4306
154.0000 2.4306
155.0000 2.4306
156.0000 2.4307
157.0000 2.4307
158.0000 2.4307
159.0000 2.4307
160.0000 2.4308
161.0000 2.4308
162.0000 2.4308
163.0000 2.4308
164.0000 2.4309
165.0000 2.4309
166.0000 2.4309
167.0000 2.4309
168.0000 2.4309
169.0000 2.4310
170.0000 2.4310
171.0000 2.4310
172.0000 2.4310
173.0000 2.4310
174.0000 2.4310
175.0000 2.4310
176.0000 2.4310
177.0000 2.4311
178.0000 2.4311
179.0000 2.4311
180.0000 2.4311
181.0000 2.4311
182.0000 2.4311
183.0000 2.4311
184.0000 2.4311
185.0000 2.4311
186.0000 2.4311
187.0000 2.4311
188.0000 2.4311
189.0000 2.4311
190.0000 2.4311
191.0000 2.4312
192.0000 2.4312
193.0000 2.4312
194.0000 2.4312
195.0000 2.4312
196.0000 2.4312
197.0000 2.4312
198.0000 2.4312
199.0000 2.4312
200.0000 2.4312
201.0000 2.4312
202.0000 2.4312
203.0000 2.4312
204.0000 2.4312
205.0000 2.4312
206.0000 2.4312
207.0000 2.4312
208.0000 2.4312
209.0000 2.4312
210.0000 2.4312
211.0000 2.4312
212.0000 2.4312
213.0000 2.4312
214.0000 2.4312
215.0000 2.4312
216.0000 2.4312
217.0000 2.4312
218.0000 2.4312
219.0000 2.4312
220.0000 2.4312
221.0000 2.4312
222.0000 2.4312
223.0000 2.4312
224.0000 2.4312
225.0000 2.4312
226.0000 2.4312
227.0000 2.4312
228.0000 2.4312
229.0000 2.4312
230.0000 2.4312
231.0000 2.4312
232.0000 2.4312
233.0000 2.4312
234.0000 2.4312
235.0000 2.4312
236.0000 2.4312
237.0000 2.4312
238.0000 2.4312
239.0000 2.4312
240.0000 2.4312
241.0000 2.4312
242.0000 2.4312
243.0000 2.4312
244.0000 2.4312
245.0000 2.4312
246.0000 2.4312
247.0000 2.4312
248.0000 2.4312
249.0000 2.4312
250.0000 2.4312
251.0000 2.4312
252.0000 2.4312
253.0000 2.4312
254.0000 2.4312
255.0000 2.4312
256.0000 2.4312
257.0000 2.4312
258.0000 2.4312
259.0000 2.4312
260.0000 2.4312
261.0000 2.4312
262.0000 2.4312
263.0000 2.4312
264.0000 2.4312
265.0000 2.4312
266.0000 2.4312
267.0000 2.4312
268.0000 2.4312
269.0000 2.4312
270.0000 2.4312
271.0000 2.4312
272.0000 2.4312
273.0000 2.4312
274.0000 2.4312
275.0000 2.4312
276.0000 2.4312
277.0000 2.4312
278.0000 2.4312
279.0000 2.4312
280.0000 2.4312
281.0000 2.4312
282.0000 2.4312
283.0000 2.4312
284.0000 2.4312
285.0000 2.4312
286.0000 2.4312
287.0000 2.4312
288.0000 2.4312
289.0000 2.4312
290.0000 2.4312
291.0000 2.4312
292.0000 2.4312
293.0000 2.4312
294.0000 2.4312
295.0000 2.4312
296.0000 2.4312
297.0000 2.4312
298.0000 2.4312
299.0000 2.4312
300.0000 2.4312
