1.0000 2.2000
2.0000 2.2000
3.0000 2.2000
4.0000 2.2000
5.0000 2.2000
6.0000 2.2000
7.0000 2.2000
8.0000 2.2000
9.0000 2.2000
10.0000 2.2000
11.0000 2.2000
12.0000 2.2000
13.0000 2.2000
14.0000 2.2000
15.0000 2.2000
16.0000 2.2000
17.0000 2.2000
18.0000 2.2000
19.0000 2.2000
20.0000 2.2000
21.0000 2.2000
22.0000 2.2000
23.0000 2.2000
24.0000 2.2000
25.0000 2.2000
26.0000 2.2000
27.0000 2.2000
28.0000 2.2000
29.0000 2.2000
30.0000 2.2008
31.0000 2.2032
32.0000 2.2069
33.0000 2.2118
34.0000 2.2176
35.0000 2.2243
36.0000 2.2316
37.0000 2.2395
38.0000 2.2479
39.0000 2.2566
40.0000 2.2657
41.0000 2.2749
42.0000 2.2843
43.0000 2.2937
44.0000 2.3032
45.0000 2.3127
46.0000 2.3221
47.0000 2.3315
48.0000 2.3407
49.0000 2.3498
50.0000 2.3587
51.0000 2.3674
52.0000 2.3760
53.0000 2.3843
54.0000 2.3925
55.0000 2.4004
56.0000 2.4081
57.0000 2.4155
58.0000 2.4228
59.0000 2.4298
60.0000 2.4365
61.0000 2.4431
62.0000 2.4494
63.0000 2.4554
64.0000 2.4613
65.0000 2.4669
66.0000 2.4723
67.0000 2.4775
68.0000 2.4825
69.0000 2.4873
70.0000 2.4919
71.0000 2.4963
72.0000 2.5005
73.0000 2.5045
74.0000 2.5084
75.0000 2.5121
76.0000 2.5156
77.0000 2.5190
78.0000 2.5222
79.0000 2.5253
80.0000 2.5283
81.0000 2.5311
82.0000 2.5338
83.0000 2.5363
84.0000 2.5387
85.0000 2.5411
86.0000 2.5433
87.0000 2.5454
88.0000 2.5474
89.0000 2.5493
90.0000 2.5511
91.0000 2.5529
92.0000 2.5545
93.0000 2.5561
94.0000 2.5576
95.0000 2.5590
96.0000 2.5604
97.0000 2.5616
98.0000 2.5629
99.0000 2.5640
100.0000 2.5651
101.0000 2.5662
102.0000 2.5672
103.0000 2.5681
104.0000 2.5690
105.0000 2.5699
106.0000 2.5707
107.0000 2.5714
108.0000 2.5722
109.0000 2.5729
110.0000 2.5735
111.0000 2.5741
112.0000 2.5747
113.0000 2.5753
114.0000 2.5758
115.0000 2.5763
116.0000 2.5768
117.0000 2.5773
118.0000 2.5777
119.0000 2.5781
120.0000 2.5785
121.0000 2.5788
122.0000 2.5792
123.0000 2.5795
124.0000 2.5798
125.0000 2.5801
126.0000 2.5804
127.0000 2.5807
128.0000 2.5809
129.0000 2.5812
130.0000 2.5814
131.0000 2.5816
132.0000 2.5818
133.0000 2.5820
134.0000 2.5822
135.0000 2.5823
136.0000 2.5825
137.0000 2.5827
138.0000 2.5828
139.0000 2.5830
140.0000 2.5831
141.0000 2.5832
142.0000 2.5833
143.0000 2.5834
144.0000 2.5835
145.0000 2.5836
146.0000 2.5837
147.0000 2.5838
148.0000 2.5839
149.0000 2.5840
150.0000 2.5841
151.0000 2.5841
152.0000 2.5842
153.0000 2.5843
154.0000 2.5843
155.0000 2.5844
156.0000 2.5844
157.0000 2.5845
158.0000 2.5845
159.0000 2.5846
160.0000 2.5846
161.0000 2.5847
162.0000 2.5847
163.0000 2.5847
164.0000 2.5848
165.0000 2.5848
166.0000 2.5848
167.0000 2.5849
168.0000 2.5849
169.0000 2.5849
170.0000 2.5850
171.0000 2.5850
172.0000 2.5850
173.0000 2.5850
174.0000 2.5850
175.0000 2.5851
176.0000 2.5851
177.0000 2.5851
178.0000 2.5851
179.0000 2.5851
180.0000 2.5851
181.0000 2.5852
182.0000 2.5852
183.0000 2.5852
184.0000 2.5852
185.0000 2.5852
186.0000 2.5852
187.0000 2.5852
188.0000 2.5852
189.0000 2.5852
190.0000 2.5852
191.0000 2.5853
192.0000 2.5853
193.0000 2.5853
194.0000 2.5853
195.0000 2.5853
196.0000 2.5853
197.0000 2.5853
198.0000 2.5853
199.0000 2.5853
200.0000 2.5853
201.0000 2.5853
202.0000 2.5853
203.0000 2.5853
204.0000 2.5853
205.0000 2.5853
206.0000 2.5853
207.0000 2.5853
208.0000 2.5853
209.0000 2.5853
210.0000 2.5853
211.0000 2.5853
212.0000 2.5853
213.0000 2.5853
214.0000 2.5853
215.0000 2.5854
216.0000 2.5854
217.0000 2.5854
218.0000 2.5854
219.0000 2.5854
220.0000 2.5854
221.0000 2.5854
222.0000 2.5854
223.0000 2.5854
224.0000 2.5854
225.0000 2.5854
226.0000 2.5854
227.0000 2.5854
228.0000 2.5854
229.0000 2.5854
230.0000 2.5854
231.0000 2.5854
232.0000 2.5854
233.0000 2.5854
234.0000 2.5854
235.0000 2.5854
236.0000 2.5854
237.0000 2.5854
238.0000 2.5854
239.0000 2.5854
240.0000 2.5854
241.0000 2.5854
242.0000 2.5854
243.0000 2.5854
244.0000 2.5854
245.0000 2.5854
246.0000 2.5854
247.0000 2.5854
248.0000 2.5854
249.0000 2.5854
250.0000 2.5854
251.0000 2.5854
252.0000 2.5854
253.0000 2.5854
254.0000 2.5854
255.0000 2.5854
256.0000 2.5854
257.0000 2.5854
258.0000 2.5854
259.0000 2.5854
260.0000 2.5854
261.0000 2.5854
262.0000 2.5854
263.0000 2.5854
264.0000 2.5854
265.0000 2.5854
266.0000 2.5854
267.0000 2.5854
268.0000 2.5854
269.0000 2.5854
270.0000 2.5854
271.0000 2.5854
272.0000 2.5854
273.0000 2.5854
274.0000 2.5854
275.0000 2.5854
276.0000 2.5854
277.0000 2.5854
278.0000 2.5854
279.0000 2.5854
280.0000 2.5854
281.0000 2.5854
282.0000 2.5854
283.0000 2.5854
284.0000 2.5854
285.0000 2.5854
286.0000 2.5854
287.0000 2.5854
288.0000 2.5854
289.0000 2.5854
290.0000 2.5854
291.0000 2.5854
292.0000 2.5854
293.0000 2.5854
294.0000 2.5854
295.0000 2.5854
296.0000 2.5854
297.0000 2.5854
298.0000 2.5854
299.0000 2.5854
300.0000 2.5854
