3.0000 1.5000
6.0000 1.5000
9.0000 1.5000
12.0000 1.6000
15.0000 1.7000
18.0000 2.0000
21.0000 2.0000
24.0000 2.0000
27.0000 2.0000
30.0000 2.0000
33.0000 2.0000
36.0000 2.0000
39.0000 2.0000
42.0000 2.0000
45.0000 2.0000
48.0000 2.0000
51.0000 2.0000
54.0000 2.0000
57.0000 2.0000
60.0000 1.9947
63.0000 1.9781
66.0000 1.9512
69.0000 1.9152
72.0000 1.8754
75.0000 1.8391
78.0000 1.8125
81.0000 1.8010
84.0000 1.8062
87.0000 1.8259
90.0000 1.8550
93.0000 1.8859
96.0000 1.9109
99.0000 1.9243
102.0000 1.9231
105.0000 1.9085
108.0000 1.8853
111.0000 1.8605
114.0000 1.8415
117.0000 1.8342
120.0000 1.8414
123.0000 1.8618
126.0000 1.8907
129.0000 1.9207
132.0000 1.9442
135.0000 1.9550
138.0000 1.9499
141.0000 1.9301
144.0000 1.9005
147.0000 1.8687
150.0000 1.8427
153.0000 1.8293
156.0000 1.8321
159.0000 1.8502
162.0000 1.8790
165.0000 1.9108
168.0000 1.9371
171.0000 1.9510
174.0000 1.9484
177.0000 1.9299
180.0000 1.9002
183.0000 1.8670
186.0000 1.8390
189.0000 1.8237
192.0000 1.8253
195.0000 1.8437
198.0000 1.8741
201.0000 1.9089
204.0000 1.9387
207.0000 1.9559
210.0000 1.9556
213.0000 1.9378
216.0000 1.9071
219.0000 1.8713
222.0000 1.8399
225.0000 1.8212
228.0000 1.8203
231.0000 1.8376
234.0000 1.8688
237.0000 1.9058
240.0000 1.9388
243.0000 1.9592
246.0000 1.9613
249.0000 1.9445
252.0000 1.9129
255.0000 1.8746
258.0000 1.8398
261.0000 1.8176
264.0000 1.8141
267.0000 1.8303
270.0000 1.8623
273.0000 1.9017
276.0000 1.9383
279.0000 1.9623
282.0000 1.9673
285.0000 1.9518
288.0000 1.9196
291.0000 1.8789
294.0000 1.8406
297.0000 1.8146
300.0000 1.7078
303.0000 1.6078
306.0000 1.3078
309.0000 1.0078
312.0000 1.0000
315.0000 1.0000
318.0000 1.0000
321.0000 1.0172
324.0000 1.0324
327.0000 1.0484
330.0000 1.0745
333.0000 1.1078
336.0000 1.1545
339.0000 1.2149
342.0000 1.2837
345.0000 1.3555
348.0000 1.4210
351.0000 1.4714
354.0000 1.5007
357.0000 1.5061
360.0000 1.4897
363.0000 1.4582
366.0000 1.4206
369.0000 1.3869
372.0000 1.3650
375.0000 1.3594
378.0000 1.3697
381.0000 1.3911
384.0000 1.4157
387.0000 1.4348
390.0000 1.4410
393.0000 1.4307
396.0000 1.4047
399.0000 1.3684
402.0000 1.3301
405.0000 1.2993
408.0000 1.2837
411.0000 1.2873
414.0000 1.3095
417.0000 1.3449
420.0000 1.3844
423.0000 1.4181
426.0000 1.4376
429.0000 1.4378
432.0000 1.4191
435.0000 1.3865
438.0000 1.3489
441.0000 1.3164
444.0000 1.2979
447.0000 1.2987
450.0000 1.3190
453.0000 1.3536
456.0000 1.3936
459.0000 1.4286
462.0000 1.4492
465.0000 1.4498
468.0000 1.4298
471.0000 1.3943
474.0000 1.3524
477.0000 1.3149
480.0000 1.2917
483.0000 1.2891
486.0000 1.3079
489.0000 1.3433
492.0000 1.3861
495.0000 1.4252
498.0000 1.4501
501.0000 1.4541
504.0000 1.4359
507.0000 1.4000
510.0000 1.3558
513.0000 1.3148
516.0000 1.2879
519.0000 1.2824
522.0000 1.2999
525.0000 1.3362
528.0000 1.3819
531.0000 1.4251
534.0000 1.4542
537.0000 1.4616
540.0000 1.4450
543.0000 1.4084
546.0000 1.3614
549.0000 1.3163
552.0000 1.2848
555.0000 1.2756
558.0000 1.2913
561.0000 1.3280
564.0000 1.3763
567.0000 1.4235
570.0000 1.4573
573.0000 1.4684
576.0000 1.4538
579.0000 1.4170
582.0000 1.3674
585.0000 1.3180
588.0000 1.2818
591.0000 1.2685
594.0000 1.2820
597.0000 1.3189
600.0000 1.2520
603.0000 1.3068
606.0000 1.2270
609.0000 1.1240
612.0000 1.0323
615.0000 1.0000
618.0000 1.0000
621.0000 1.0345
624.0000 1.1187
627.0000 1.2123
630.0000 1.3034
633.0000 1.3727
636.0000 1.3985
639.0000 1.3808
642.0000 1.3247
645.0000 1.2457
648.0000 1.1673
651.0000 1.1103
654.0000 1.0910
657.0000 1.1155
660.0000 1.1776
663.0000 1.2614
666.0000 1.3446
669.0000 1.4048
672.0000 1.4252
675.0000 1.3995
678.0000 1.3333
681.0000 1.2430
684.0000 1.1517
687.0000 1.0830
690.0000 1.0550
693.0000 1.0752
696.0000 1.1386
699.0000 1.2289
702.0000 1.3224
705.0000 1.3945
708.0000 1.4260
711.0000 1.4081
714.0000 1.3452
717.0000 1.2533
720.0000 1.1565
723.0000 1.0805
726.0000 1.0456
729.0000 1.0617
732.0000 1.1250
735.0000 1.2196
738.0000 1.3209
741.0000 1.4023
744.0000 1.4420
747.0000 1.4292
750.0000 1.3666
753.0000 1.2702
756.0000 1.1650
759.0000 1.0786
762.0000 1.0341
765.0000 1.0437
768.0000 1.1053
771.0000 1.2034
774.0000 1.3125
777.0000 1.4038
780.0000 1.4530
783.0000 1.4467
786.0000 1.3859
789.0000 1.2860
792.0000 1.1729
795.0000 1.0763
798.0000 1.0220
801.0000 1.0246
804.0000 1.0842
807.0000 1.1858
810.0000 1.3029
813.0000 1.4049
816.0000 1.4647
819.0000 1.4660
822.0000 1.4078
825.0000 1.3048
828.0000 1.1836
831.0000 1.0761
834.0000 1.0108
837.0000 1.0053
840.0000 1.0619
843.0000 1.1662
846.0000 1.2914
849.0000 1.4046
852.0000 1.4758
855.0000 1.4857
858.0000 1.4310
861.0000 1.3254
864.0000 1.1962
867.0000 1.0773
870.0000 1.0000
873.0000 1.0027
876.0000 1.0552
879.0000 1.1618
882.0000 1.2906
885.0000 1.4053
888.0000 1.4792
891.0000 1.4896
894.0000 1.4339
897.0000 1.3263
900.0000 1.3386
903.0000 1.3971
906.0000 1.6732
909.0000 1.9732
912.0000 2.0000
915.0000 2.0000
918.0000 2.0000
921.0000 1.9260
924.0000 1.8479
927.0000 1.7714
930.0000 1.6955
933.0000 1.6504
936.0000 1.6315
939.0000 1.6360
942.0000 1.6589
945.0000 1.6839
948.0000 1.6993
951.0000 1.6961
954.0000 1.6698
957.0000 1.6247
960.0000 1.5701
963.0000 1.5192
966.0000 1.4852
969.0000 1.4774
972.0000 1.4991
975.0000 1.5462
978.0000 1.6078
981.0000 1.6694
984.0000 1.7164
987.0000 1.7377
990.0000 1.7287
993.0000 1.6927
996.0000 1.6398
999.0000 1.5847
1002.0000 1.5424
1005.0000 1.5247
1008.0000 1.5367
1011.0000 1.5756
1014.0000 1.6315
1017.0000 1.6895
1020.0000 1.7343
1023.0000 1.7535
1026.0000 1.7415
1029.0000 1.7008
1032.0000 1.6415
1035.0000 1.5788
1038.0000 1.5290
1041.0000 1.5051
1044.0000 1.5137
1047.0000 1.5527
1050.0000 1.6121
1053.0000 1.6764
1056.0000 1.7287
1059.0000 1.7551
1062.0000 1.7483
1065.0000 1.7098
1068.0000 1.6494
1071.0000 1.5830
1074.0000 1.5279
1077.0000 1.4990
1080.0000 1.5041
1083.0000 1.5425
1086.0000 1.6043
1089.0000 1.6736
1092.0000 1.7322
1095.0000 1.7644
1098.0000 1.7616
1101.0000 1.7240
1104.0000 1.6612
1107.0000 1.5894
1110.0000 1.5276
1113.0000 1.4920
1116.0000 1.4924
1119.0000 1.5291
1122.0000 1.5928
1125.0000 1.6670
1128.0000 1.7322
1131.0000 1.7711
1134.0000 1.7732
1137.0000 1.7374
1140.0000 1.6727
1143.0000 1.5960
1146.0000 1.5273
1149.0000 1.4848
1152.0000 1.4801
1155.0000 1.5148
1158.0000 1.5802
1161.0000 1.6595
1164.0000 1.7318
1167.0000 1.7780
1170.0000 1.7856
1173.0000 1.7521
1176.0000 1.6860
1179.0000 1.6043
1182.0000 1.5283
1185.0000 1.4783
1188.0000 1.4676
1191.0000 1.4996
1194.0000 1.5664
1197.0000 1.6506
1200.0000 1.8056
1203.0000 1.8169
1206.0000 1.9492
1209.0000 2.0000
1212.0000 2.0000
1215.0000 1.9903
1218.0000 1.9244
1221.0000 1.8453
1224.0000 1.7693
1227.0000 1.7031
1230.0000 1.6714
1233.0000 1.6748
1236.0000 1.7090
1239.0000 1.7644
1242.0000 1.8217
1245.0000 1.8641
1248.0000 1.8784
1251.0000 1.8584
1254.0000 1.8082
1257.0000 1.7399
1260.0000 1.6710
1263.0000 1.6196
1266.0000 1.5998
1269.0000 1.6176
1272.0000 1.6693
1275.0000 1.7422
1278.0000 1.8180
1281.0000 1.8775
1284.0000 1.9053
1287.0000 1.8944
1290.0000 1.8476
1293.0000 1.7772
1296.0000 1.7019
1299.0000 1.6417
1302.0000 1.6128
1305.0000 1.6233
1308.0000 1.6707
1311.0000 1.7431
1314.0000 1.8214
1317.0000 1.8850
1320.0000 1.9168
1323.0000 1.9079
1326.0000 1.8601
1329.0000 1.7854
1332.0000 1.7031
1335.0000 1.6348
1338.0000 1.5985
1341.0000 1.6042
1344.0000 1.6508
1347.0000 1.7265
1350.0000 1.8115
1353.0000 1.8836
1356.0000 1.9236
1359.0000 1.9206
1362.0000 1.8749
1365.0000 1.7981
1368.0000 1.7101
1371.0000 1.6341
1374.0000 1.5903
1377.0000 1.5906
1380.0000 1.6355
1383.0000 1.7136
1386.0000 1.8047
1389.0000 1.8850
1392.0000 1.9331
1395.0000 1.9360
1398.0000 1.8923
1401.0000 1.8131
1404.0000 1.7189
1407.0000 1.6344
1410.0000 1.5819
1413.0000 1.5757
1416.0000 1.6179
1419.0000 1.6980
1422.0000 1.7953
1425.0000 1.8842
1428.0000 1.9412
1431.0000 1.9509
1434.0000 1.9102
1437.0000 1.8292
1440.0000 1.7289
1443.0000 1.6355
1446.0000 1.5738
1449.0000 1.5603
1452.0000 1.5993
1455.0000 1.6809
1458.0000 1.7843
1461.0000 1.8822
1464.0000 1.9489
1467.0000 1.9664
1470.0000 1.9294
1473.0000 1.8472
1476.0000 1.7409
1479.0000 1.6383
1482.0000 1.5665
1485.0000 1.5448
1488.0000 1.5795
1491.0000 1.6621
1494.0000 1.7714
1497.0000 1.8788
1500.0000 1.9559
