3.0000 2.5000
6.0000 2.5000
9.0000 2.5000
12.0000 2.5000
15.0000 2.5000
18.0000 2.5000
21.0000 2.5000
24.0000 2.5000
27.0000 2.5000
30.0000 2.5000
33.0000 2.5000
36.0000 2.5000
39.0000 2.5000
42.0000 2.5000
45.0000 2.5000
48.0000 2.5000
51.0000 2.5000
54.0000 2.5000
57.0000 2.5000
60.0000 2.5000
63.0000 2.5000
66.0000 2.5000
69.0000 2.5000
72.0000 2.5000
75.0000 2.5000
78.0000 2.5000
81.0000 2.5000
84.0000 2.5000
87.0000 2.5000
90.0000 2.5000
93.0000 2.5000
96.0000 2.5000
99.0000 2.5000
102.0000 2.5000
105.0000 2.5000
108.0000 2.5000
111.0000 2.5000
114.0000 2.5000
117.0000 2.5000
120.0000 2.5000
123.0000 2.5000
126.0000 2.5000
129.0000 2.5000
132.0000 2.5000
135.0000 2.5000
138.0000 2.5000
141.0000 2.5000
144.0000 2.5000
147.0000 2.5000
150.0000 2.5000
153.0000 2.5000
156.0000 2.5000
159.0000 2.5000
162.0000 2.5000
165.0000 2.5000
168.0000 2.5000
171.0000 2.5000
174.0000 2.5000
177.0000 2.5000
180.0000 2.5000
183.0000 2.5000
186.0000 2.5000
189.0000 2.5000
192.0000 2.5000
195.0000 2.5000
198.0000 2.5000
201.0000 2.5000
204.0000 2.5000
207.0000 2.5000
210.0000 2.5000
213.0000 2.5000
216.0000 2.5000
219.0000 2.5000
222.0000 2.5000
225.0000 2.5000
228.0000 2.5000
231.0000 2.5000
234.0000 2.5000
237.0000 2.5000
240.0000 2.5000
243.0000 2.5000
246.0000 2.5000
249.0000 2.5000
252.0000 2.5000
255.0000 2.5000
258.0000 2.5000
261.0000 2.5000
264.0000 2.5000
267.0000 2.5000
270.0000 2.5000
273.0000 2.5000
276.0000 2.5000
279.0000 2.5000
282.0000 2.5000
285.0000 2.5000
288.0000 2.5000
291.0000 2.5000
294.0000 2.5000
297.0000 2.5000
300.0000 2.1000
303.0000 2.1000
306.0000 2.1000
309.0000 2.1000
312.0000 2.1000
315.0000 2.1000
318.0000 2.1000
321.0000 2.1000
324.0000 2.1000
327.0000 2.1000
330.0000 2.1000
333.0000 2.1000
336.0000 2.1000
339.0000 2.1000
342.0000 2.1000
345.0000 2.1000
348.0000 2.1000
351.0000 2.1000
354.0000 2.1000
357.0000 2.1000
360.0000 2.1000
363.0000 2.1000
366.0000 2.1000
369.0000 2.1000
372.0000 2.1000
375.0000 2.1000
378.0000 2.1000
381.0000 2.1000
384.0000 2.1000
387.0000 2.1000
390.0000 2.1000
393.0000 2.1000
396.0000 2.1000
399.0000 2.1000
402.0000 2.1000
405.0000 2.1000
408.0000 2.1000
411.0000 2.1000
414.0000 2.1000
417.0000 2.1000
420.0000 2.1000
423.0000 2.1000
426.0000 2.1000
429.0000 2.1000
432.0000 2.1000
435.0000 2.1000
438.0000 2.1000
441.0000 2.1000
444.0000 2.1000
447.0000 2.1000
450.0000 2.1000
453.0000 2.1000
456.0000 2.1000
459.0000 2.1000
462.0000 2.1000
465.0000 2.1000
468.0000 2.1000
471.0000 2.1000
474.0000 2.1000
477.0000 2.1000
480.0000 2.1000
483.0000 2.1000
486.0000 2.1000
489.0000 2.1000
492.0000 2.1000
495.0000 2.1000
498.0000 2.1000
501.0000 2.1000
504.0000 2.1000
507.0000 2.1000
510.0000 2.1000
513.0000 2.1000
516.0000 2.1000
519.0000 2.1000
522.0000 2.1000
525.0000 2.1000
528.0000 2.1000
531.0000 2.1000
534.0000 2.1000
537.0000 2.1000
540.0000 2.1000
543.0000 2.1000
546.0000 2.1000
549.0000 2.1000
552.0000 2.1000
555.0000 2.1000
558.0000 2.1000
561.0000 2.1000
564.0000 2.1000
567.0000 2.1000
570.0000 2.1000
573.0000 2.1000
576.0000 2.1000
579.0000 2.1000
582.0000 2.1000
585.0000 2.1000
588.0000 2.1000
591.0000 2.1000
594.0000 2.1000
597.0000 2.1000
600.0000 2.0000
603.0000 2.0000
606.0000 2.0000
609.0000 2.0000
612.0000 2.0000
615.0000 2.0000
618.0000 2.0000
621.0000 2.0000
624.0000 2.0000
627.0000 2.0000
630.0000 2.0000
633.0000 2.0000
636.0000 2.0000
639.0000 2.0000
642.0000 2.0000
645.0000 2.0000
648.0000 2.0000
651.0000 2.0000
654.0000 2.0000
657.0000 2.0000
660.0000 2.0000
663.0000 2.0000
666.0000 2.0000
669.0000 2.0000
672.0000 2.0000
675.0000 2.0000
678.0000 2.0000
681.0000 2.0000
684.0000 2.0000
687.0000 2.0000
690.0000 2.0000
693.0000 2.0000
696.0000 2.0000
699.0000 2.0000
702.0000 2.0000
705.0000 2.0000
708.0000 2.0000
711.0000 2.0000
714.0000 2.0000
717.0000 2.0000
720.0000 2.0000
723.0000 2.0000
726.0000 2.0000
729.0000 2.0000
732.0000 2.0000
735.0000 2.0000
738.0000 2.0000
741.0000 2.0000
744.0000 2.0000
747.0000 2.0000
750.0000 2.0000
753.0000 2.0000
756.0000 2.0000
759.0000 2.0000
762.0000 2.0000
765.0000 2.0000
768.0000 2.0000
771.0000 2.0000
774.0000 2.0000
777.0000 2.0000
780.0000 2.0000
783.0000 2.0000
786.0000 2.0000
789.0000 2.0000
792.0000 2.0000
795.0000 2.0000
798.0000 2.0000
801.0000 2.0000
804.0000 2.0000
807.0000 2.0000
810.0000 2.0000
813.0000 2.0000
816.0000 2.0000
819.0000 2.0000
822.0000 2.0000
825.0000 2.0000
828.0000 2.0000
831.0000 2.0000
834.0000 2.0000
837.0000 2.0000
840.0000 2.0000
843.0000 2.0000
846.0000 2.0000
849.0000 2.0000
852.0000 2.0000
855.0000 2.0000
858.0000 2.0000
861.0000 2.0000
864.0000 2.0000
867.0000 2.0000
870.0000 2.0000
873.0000 2.0000
876.0000 2.0000
879.0000 2.0000
882.0000 2.0000
885.0000 2.0000
888.0000 2.0000
891.0000 2.0000
894.0000 2.0000
897.0000 2.0000
900.0000 2.3000
903.0000 2.3000
906.0000 2.3000
909.0000 2.3000
912.0000 2.3000
915.0000 2.3000
918.0000 2.3000
921.0000 2.3000
924.0000 2.3000
927.0000 2.3000
930.0000 2.3000
933.0000 2.3000
936.0000 2.3000
939.0000 2.3000
942.0000 2.3000
945.0000 2.3000
948.0000 2.3000
951.0000 2.3000
954.0000 2.3000
957.0000 2.3000
960.0000 2.3000
963.0000 2.3000
966.0000 2.3000
969.0000 2.3000
972.0000 2.3000
975.0000 2.3000
978.0000 2.3000
981.0000 2.3000
984.0000 2.3000
987.0000 2.3000
990.0000 2.3000
993.0000 2.3000
996.0000 2.3000
999.0000 2.3000
1002.0000 2.3000
1005.0000 2.3000
1008.0000 2.3000
1011.0000 2.3000
1014.0000 2.3000
1017.0000 2.3000
1020.0000 2.3000
1023.0000 2.3000
1026.0000 2.3000
1029.0000 2.3000
1032.0000 2.3000
1035.0000 2.3000
1038.0000 2.3000
1041.0000 2.3000
1044.0000 2.3000
1047.0000 2.3000
1050.0000 2.3000
1053.0000 2.3000
1056.0000 2.3000
1059.0000 2.3000
1062.0000 2.3000
1065.0000 2.3000
1068.0000 2.3000
1071.0000 2.3000
1074.0000 2.3000
1077.0000 2.3000
1080.0000 2.3000
1083.0000 2.3000
1086.0000 2.3000
1089.0000 2.3000
1092.0000 2.3000
1095.0000 2.3000
1098.0000 2.3000
1101.0000 2.3000
1104.0000 2.3000
1107.0000 2.3000
1110.0000 2.3000
1113.0000 2.3000
1116.0000 2.3000
1119.0000 2.3000
1122.0000 2.3000
1125.0000 2.3000
1128.0000 2.3000
1131.0000 2.3000
1134.0000 2.3000
1137.0000 2.3000
1140.0000 2.3000
1143.0000 2.3000
1146.0000 2.3000
1149.0000 2.3000
1152.0000 2.3000
1155.0000 2.3000
1158.0000 2.3000
1161.0000 2.3000
1164.0000 2.3000
1167.0000 2.3000
1170.0000 2.3000
1173.0000 2.3000
1176.0000 2.3000
1179.0000 2.3000
1182.0000 2.3000
1185.0000 2.3000
1188.0000 2.3000
1191.0000 2.3000
1194.0000 2.3000
1197.0000 2.3000
1200.0000 2.4000
1203.0000 2.4000
1206.0000 2.4000
1209.0000 2.4000
1212.0000 2.4000
1215.0000 2.4000
1218.0000 2.4000
1221.0000 2.4000
1224.0000 2.4000
1227.0000 2.4000
1230.0000 2.4000
1233.0000 2.4000
1236.0000 2.4000
1239.0000 2.4000
1242.0000 2.4000
1245.0000 2.4000
1248.0000 2.4000
1251.0000 2.4000
1254.0000 2.4000
1257.0000 2.4000
1260.0000 2.4000
1263.0000 2.4000
1266.0000 2.4000
1269.0000 2.4000
1272.0000 2.4000
1275.0000 2.4000
1278.0000 2.4000
1281.0000 2.4000
1284.0000 2.4000
1287.0000 2.4000
1290.0000 2.4000
1293.0000 2.4000
1296.0000 2.4000
1299.0000 2.4000
1302.0000 2.4000
1305.0000 2.4000
1308.0000 2.4000
1311.0000 2.4000
1314.0000 2.4000
1317.0000 2.4000
1320.0000 2.4000
1323.0000 2.4000
1326.0000 2.4000
1329.0000 2.4000
1332.0000 2.4000
1335.0000 2.4000
1338.0000 2.4000
1341.0000 2.4000
1344.0000 2.4000
1347.0000 2.4000
1350.0000 2.4000
1353.0000 2.4000
1356.0000 2.4000
1359.0000 2.4000
1362.0000 2.4000
1365.0000 2.4000
1368.0000 2.4000
1371.0000 2.4000
1374.0000 2.4000
1377.0000 2.4000
1380.0000 2.4000
1383.0000 2.4000
1386.0000 2.4000
1389.0000 2.4000
1392.0000 2.4000
1395.0000 2.4000
1398.0000 2.4000
1401.0000 2.4000
1404.0000 2.4000
1407.0000 2.4000
1410.0000 2.4000
1413.0000 2.4000
1416.0000 2.4000
1419.0000 2.4000
1422.0000 2.4000
1425.0000 2.4000
1428.0000 2.4000
1431.0000 2.4000
1434.0000 2.4000
1437.0000 2.4000
1440.0000 2.4000
1443.0000 2.4000
1446.0000 2.4000
1449.0000 2.4000
1452.0000 2.4000
1455.0000 2.4000
1458.0000 2.4000
1461.0000 2.4000
1464.0000 2.4000
1467.0000 2.4000
1470.0000 2.4000
1473.0000 2.4000
1476.0000 2.4000
1479.0000 2.4000
1482.0000 2.4000
1485.0000 2.4000
1488.0000 2.4000
1491.0000 2.4000
1494.0000 2.4000
1497.0000 2.4000
1500.0000 2.4000
