3.0000 2.2000
6.0000 2.2000
9.0000 2.2000
12.0000 2.2000
15.0000 2.2000
18.0000 2.2000
21.0000 2.2000
24.0000 2.2009
27.0000 2.2059
30.0000 2.2201
33.0000 2.2418
36.0000 2.2678
39.0000 2.2956
42.0000 2.3238
45.0000 2.3513
48.0000 2.3773
51.0000 2.4016
54.0000 2.4238
57.0000 2.4440
60.0000 2.4620
63.0000 2.4782
66.0000 2.4925
69.0000 2.5050
72.0000 2.5159
75.0000 2.5249
78.0000 2.5318
81.0000 2.5360
84.0000 2.5374
87.0000 2.5359
90.0000 2.5318
93.0000 2.5258
96.0000 2.5188
99.0000 2.5118
102.0000 2.5058
105.0000 2.5014
108.0000 2.4989
111.0000 2.4982
114.0000 2.4986
117.0000 2.4995
120.0000 2.5001
123.0000 2.4998
126.0000 2.4985
129.0000 2.4963
132.0000 2.4937
135.0000 2.4914
138.0000 2.4901
141.0000 2.4903
144.0000 2.4921
147.0000 2.4952
150.0000 2.4990
153.0000 2.5027
156.0000 2.5054
159.0000 2.5066
162.0000 2.5061
165.0000 2.5040
168.0000 2.5010
171.0000 2.4980
174.0000 2.4957
177.0000 2.4947
180.0000 2.4954
183.0000 2.4976
186.0000 2.5006
189.0000 2.5037
192.0000 2.5060
195.0000 2.5069
198.0000 2.5060
201.0000 2.5036
204.0000 2.5003
207.0000 2.4968
210.0000 2.4941
213.0000 2.4929
216.0000 2.4935
219.0000 2.4958
222.0000 2.4992
225.0000 2.5028
228.0000 2.5056
231.0000 2.5069
234.0000 2.5064
237.0000 2.5042
240.0000 2.5008
243.0000 2.4972
246.0000 2.4942
249.0000 2.4927
252.0000 2.4932
255.0000 2.4954
258.0000 2.4989
261.0000 2.5027
264.0000 2.5059
267.0000 2.5075
270.0000 2.5072
273.0000 2.5050
276.0000 2.5015
279.0000 2.4975
282.0000 2.4941
285.0000 2.4923
288.0000 2.4925
291.0000 2.4946
294.0000 2.4983
297.0000 2.5024
300.0000 2.5059
303.0000 2.5079
306.0000 2.5079
309.0000 2.5057
312.0000 2.5011
315.0000 2.4915
318.0000 2.4714
321.0000 2.4380
324.0000 2.3948
327.0000 2.3468
330.0000 2.2971
333.0000 2.2483
336.0000 2.2022
339.0000 2.1599
342.0000 2.1221
345.0000 2.0894
348.0000 2.0624
351.0000 2.0416
354.0000 2.0273
357.0000 2.0196
360.0000 2.0184
363.0000 2.0227
366.0000 2.0314
369.0000 2.0430
372.0000 2.0557
375.0000 2.0680
378.0000 2.0787
381.0000 2.0870
384.0000 2.0929
387.0000 2.0968
390.0000 2.0995
393.0000 2.1017
396.0000 2.1042
399.0000 2.1073
402.0000 2.1109
405.0000 2.1145
408.0000 2.1174
411.0000 2.1188
414.0000 2.1182
417.0000 2.1155
420.0000 2.1110
423.0000 2.1055
426.0000 2.1000
429.0000 2.0956
432.0000 2.0930
435.0000 2.0927
438.0000 2.0944
441.0000 2.0975
444.0000 2.1009
447.0000 2.1036
450.0000 2.1049
453.0000 2.1043
456.0000 2.1020
459.0000 2.0986
462.0000 2.0949
465.0000 2.0922
468.0000 2.0910
471.0000 2.0920
474.0000 2.0948
477.0000 2.0990
480.0000 2.1033
483.0000 2.1068
486.0000 2.1086
489.0000 2.1082
492.0000 2.1057
495.0000 2.1018
498.0000 2.0975
501.0000 2.0939
504.0000 2.0920
507.0000 2.0923
510.0000 2.0947
513.0000 2.0986
516.0000 2.1030
519.0000 2.1067
522.0000 2.1087
525.0000 2.1084
528.0000 2.1060
531.0000 2.1019
534.0000 2.0972
537.0000 2.0933
540.0000 2.0910
543.0000 2.0911
546.0000 2.0935
549.0000 2.0976
552.0000 2.1024
555.0000 2.1066
558.0000 2.1091
561.0000 2.1092
564.0000 2.1069
567.0000 2.1027
570.0000 2.0978
573.0000 2.0934
576.0000 2.0907
579.0000 2.0904
582.0000 2.0927
585.0000 2.0969
588.0000 2.1020
591.0000 2.1066
594.0000 2.1096
597.0000 2.1100
600.0000 2.1079
603.0000 2.1036
606.0000 2.0983
609.0000 2.0934
612.0000 2.0890
615.0000 2.0849
618.0000 2.0793
621.0000 2.0703
624.0000 2.0569
627.0000 2.0400
630.0000 2.0213
633.0000 2.0027
636.0000 1.9869
639.0000 1.9758
642.0000 1.9706
645.0000 1.9713
648.0000 1.9767
651.0000 1.9847
654.0000 1.9929
657.0000 1.9990
660.0000 2.0014
663.0000 1.9998
666.0000 1.9950
669.0000 1.9887
672.0000 1.9831
675.0000 1.9802
678.0000 1.9813
681.0000 1.9867
684.0000 1.9954
687.0000 2.0055
690.0000 2.0146
693.0000 2.0205
696.0000 2.0218
699.0000 2.0181
702.0000 2.0103
705.0000 2.0005
708.0000 1.9912
711.0000 1.9847
714.0000 1.9827
717.0000 1.9856
720.0000 1.9927
723.0000 2.0021
726.0000 2.0111
729.0000 2.0173
732.0000 2.0191
735.0000 2.0157
738.0000 2.0080
741.0000 1.9981
744.0000 1.9883
747.0000 1.9814
750.0000 1.9792
753.0000 1.9823
756.0000 1.9900
759.0000 2.0003
762.0000 2.0106
765.0000 2.0182
768.0000 2.0210
771.0000 2.0182
774.0000 2.0107
777.0000 2.0002
780.0000 1.9896
783.0000 1.9816
786.0000 1.9784
789.0000 1.9809
792.0000 1.9885
795.0000 1.9993
798.0000 2.0103
801.0000 2.0189
804.0000 2.0225
807.0000 2.0203
810.0000 2.0127
813.0000 2.0017
816.0000 1.9901
819.0000 1.9810
822.0000 1.9768
825.0000 1.9787
828.0000 1.9862
831.0000 1.9975
834.0000 2.0095
837.0000 2.0192
840.0000 2.0239
843.0000 2.0223
846.0000 2.0149
849.0000 2.0034
852.0000 1.9909
855.0000 1.9806
858.0000 1.9754
861.0000 1.9766
864.0000 1.9839
867.0000 1.9957
870.0000 2.0086
873.0000 2.0195
876.0000 2.0253
879.0000 2.0245
882.0000 2.0174
885.0000 2.0059
888.0000 1.9932
891.0000 1.9826
894.0000 1.9770
897.0000 1.9780
900.0000 1.9852
903.0000 1.9969
906.0000 2.0099
909.0000 2.0207
912.0000 2.0283
915.0000 2.0359
918.0000 2.0500
921.0000 2.0750
924.0000 2.1087
927.0000 2.1470
930.0000 2.1870
933.0000 2.2252
936.0000 2.2590
939.0000 2.2866
942.0000 2.3074
945.0000 2.3215
948.0000 2.3303
951.0000 2.3353
954.0000 2.3380
957.0000 2.3399
960.0000 2.3415
963.0000 2.3429
966.0000 2.3435
969.0000 2.3424
972.0000 2.3390
975.0000 2.3327
978.0000 2.3238
981.0000 2.3132
984.0000 2.3023
987.0000 2.2927
990.0000 2.2858
993.0000 2.2825
996.0000 2.2830
999.0000 2.2866
1002.0000 2.2920
1005.0000 2.2976
1008.0000 2.3019
1011.0000 2.3036
1014.0000 2.3026
1017.0000 2.2991
1020.0000 2.2945
1023.0000 2.2900
1026.0000 2.2873
1029.0000 2.2872
1032.0000 2.2902
1035.0000 2.2956
1038.0000 2.3022
1041.0000 2.3085
1044.0000 2.3129
1047.0000 2.3143
1050.0000 2.3123
1053.0000 2.3074
1056.0000 2.3009
1059.0000 2.2945
1062.0000 2.2898
1065.0000 2.2879
1068.0000 2.2895
1071.0000 2.2940
1074.0000 2.3003
1077.0000 2.3066
1080.0000 2.3113
1083.0000 2.3131
1086.0000 2.3114
1089.0000 2.3066
1092.0000 2.2999
1095.0000 2.2932
1098.0000 2.2880
1101.0000 2.2859
1104.0000 2.2875
1107.0000 2.2922
1110.0000 2.2991
1113.0000 2.3062
1116.0000 2.3117
1119.0000 2.3142
1122.0000 2.3129
1125.0000 2.3082
1128.0000 2.3013
1131.0000 2.2940
1134.0000 2.2882
1137.0000 2.2854
1140.0000 2.2865
1143.0000 2.2912
1146.0000 2.2982
1149.0000 2.3059
1152.0000 2.3121
1155.0000 2.3151
1158.0000 2.3143
1161.0000 2.3096
1164.0000 2.3024
1167.0000 2.2945
1170.0000 2.2879
1173.0000 2.2844
1176.0000 2.2850
1179.0000 2.2896
1182.0000 2.2970
1185.0000 2.3052
1188.0000 2.3122
1191.0000 2.3160
1194.0000 2.3156
1197.0000 2.3111
1200.0000 2.3037
1203.0000 2.2951
1206.0000 2.2878
1209.0000 2.2836
1212.0000 2.2840
1215.0000 2.2892
1218.0000 2.3008
1221.0000 2.3180
1224.0000 2.3383
1227.0000 2.3598
1230.0000 2.3799
1233.0000 2.3964
1236.0000 2.4079
1239.0000 2.4141
1242.0000 2.4155
1245.0000 2.4138
1248.0000 2.4108
1251.0000 2.4083
1254.0000 2.4078
1257.0000 2.4098
1260.0000 2.4138
1263.0000 2.4185
1266.0000 2.4225
1269.0000 2.4241
1272.0000 2.4223
1275.0000 2.4169
1278.0000 2.4088
1281.0000 2.3994
1284.0000 2.3906
1287.0000 2.3845
1290.0000 2.3822
1293.0000 2.3841
1296.0000 2.3895
1299.0000 2.3970
1302.0000 2.4045
1305.0000 2.4100
1308.0000 2.4121
1311.0000 2.4102
1314.0000 2.4050
1317.0000 2.3978
1320.0000 2.3907
1323.0000 2.3856
1326.0000 2.3840
1329.0000 2.3866
1332.0000 2.3926
1335.0000 2.4007
1338.0000 2.4088
1341.0000 2.4148
1344.0000 2.4171
1347.0000 2.4151
1350.0000 2.4092
1353.0000 2.4010
1356.0000 2.3926
1359.0000 2.3862
1362.0000 2.3834
1365.0000 2.3851
1368.0000 2.3908
1371.0000 2.3990
1374.0000 2.4076
1377.0000 2.4143
1380.0000 2.4173
1383.0000 2.4158
1386.0000 2.4100
1389.0000 2.4015
1392.0000 2.3925
1395.0000 2.3853
1398.0000 2.3819
1401.0000 2.3832
1404.0000 2.3889
1407.0000 2.3976
1410.0000 2.4070
1413.0000 2.4147
1416.0000 2.4185
1419.0000 2.4175
1422.0000 2.4119
1425.0000 2.4030
1428.0000 2.3933
1431.0000 2.3852
1434.0000 2.3809
1437.0000 2.3817
1440.0000 2.3872
1443.0000 2.3962
1446.0000 2.4064
1449.0000 2.4149
1452.0000 2.4196
1455.0000 2.4192
1458.0000 2.4137
1461.0000 2.4046
1464.0000 2.3941
1467.0000 2.3851
1470.0000 2.3799
1473.0000 2.3799
1476.0000 2.3853
1479.0000 2.3946
1482.0000 2.4054
1485.0000 2.4150
1488.0000 2.4207
1491.0000 2.4210
1494.0000 2.4158
1497.0000 2.4063
1500.0000 2.3951
