3.0000 1.5000
6.0000 1.5000
9.0000 1.5000
12.0000 1.6000
15.0000 1.6000
18.0000 1.6000
21.0000 1.6000
24.0000 1.5930
27.0000 1.5755
30.0000 1.5517
33.0000 1.5246
36.0000 1.4969
39.0000 1.4719
42.0000 1.4525
45.0000 1.4409
48.0000 1.4385
51.0000 1.4456
54.0000 1.4614
57.0000 1.4839
60.0000 1.5108
63.0000 1.5387
66.0000 1.5646
69.0000 1.5853
72.0000 1.5986
75.0000 1.6029
78.0000 1.5977
81.0000 1.5835
84.0000 1.5621
87.0000 1.5358
90.0000 1.5077
93.0000 1.4812
96.0000 1.4591
99.0000 1.4441
102.0000 1.4379
105.0000 1.4413
108.0000 1.4538
111.0000 1.4740
114.0000 1.4996
117.0000 1.5276
120.0000 1.5548
123.0000 1.5781
126.0000 1.5947
129.0000 1.6027
132.0000 1.6013
135.0000 1.5905
138.0000 1.5716
141.0000 1.5468
144.0000 1.5190
147.0000 1.4913
150.0000 1.4669
153.0000 1.4488
156.0000 1.4389
159.0000 1.4384
162.0000 1.4474
165.0000 1.4648
168.0000 1.4887
171.0000 1.5163
174.0000 1.5443
177.0000 1.5697
180.0000 1.5893
183.0000 1.6010
186.0000 1.6034
189.0000 1.5963
192.0000 1.5804
195.0000 1.5575
198.0000 1.5304
201.0000 1.5021
204.0000 1.4759
207.0000 1.4548
210.0000 1.4413
213.0000 1.4370
216.0000 1.4423
219.0000 1.4566
222.0000 1.4783
225.0000 1.5049
228.0000 1.5333
231.0000 1.5602
234.0000 1.5826
237.0000 1.5978
240.0000 1.6041
243.0000 1.6007
246.0000 1.5880
249.0000 1.5676
252.0000 1.5417
255.0000 1.5133
258.0000 1.4858
261.0000 1.4622
264.0000 1.4453
267.0000 1.4372
270.0000 1.4386
273.0000 1.4495
276.0000 1.4686
279.0000 1.4937
282.0000 1.5219
285.0000 1.5500
288.0000 1.5746
291.0000 1.5931
294.0000 1.6031
297.0000 1.6036
300.0000 1.5945
303.0000 1.5769
306.0000 1.5527
309.0000 1.5248
312.0000 1.4964
315.0000 1.4707
318.0000 1.4508
321.0000 1.4389
324.0000 1.4364
327.0000 1.4437
330.0000 1.4598
333.0000 1.4829
336.0000 1.5104
339.0000 1.5390
342.0000 1.5656
345.0000 1.5869
348.0000 1.6006
351.0000 1.6050
354.0000 1.5997
357.0000 1.5852
360.0000 1.5632
363.0000 1.5363
366.0000 1.5075
369.0000 1.4803
372.0000 1.4576
375.0000 1.4422
378.0000 1.4358
381.0000 1.4392
384.0000 1.4520
387.0000 1.4727
390.0000 1.4989
393.0000 1.5277
396.0000 1.5556
399.0000 1.5794
402.0000 1.5965
405.0000 1.6048
408.0000 1.6034
411.0000 1.5924
414.0000 1.5730
417.0000 1.5476
420.0000 1.5191
423.0000 1.4907
426.0000 1.4657
429.0000 1.4470
432.0000 1.4368
435.0000 1.4363
438.0000 1.4455
441.0000 1.4633
444.0000 1.4878
447.0000 1.5160
450.0000 1.5448
453.0000 1.5708
456.0000 1.5910
459.0000 1.6030
462.0000 1.6056
465.0000 1.5983
468.0000 1.5820
471.0000 1.5586
474.0000 1.5307
477.0000 1.5017
480.0000 1.4749
483.0000 1.4532
486.0000 1.4394
489.0000 1.4349
492.0000 1.4403
495.0000 1.4549
498.0000 1.4771
501.0000 1.5044
504.0000 1.5335
507.0000 1.5611
510.0000 1.5841
513.0000 1.5997
516.0000 1.6062
519.0000 1.6028
522.0000 1.5898
525.0000 1.5689
528.0000 1.5423
531.0000 1.5132
534.0000 1.4850
537.0000 1.4608
540.0000 1.4435
543.0000 1.4351
546.0000 1.4365
549.0000 1.4476
552.0000 1.4672
555.0000 1.4929
558.0000 1.5218
561.0000 1.5506
564.0000 1.5759
567.0000 1.5948
570.0000 1.6052
573.0000 1.6057
576.0000 1.5965
579.0000 1.5784
582.0000 1.5536
585.0000 1.5250
588.0000 1.4959
591.0000 1.4695
594.0000 1.4491
597.0000 1.4369
600.0000 1.4343
603.0000 1.4417
606.0000 1.4582
609.0000 1.4818
612.0000 1.5100
615.0000 1.5394
618.0000 1.5666
621.0000 1.5885
624.0000 1.6026
627.0000 1.6072
630.0000 1.6017
633.0000 1.5869
636.0000 1.5644
639.0000 1.5368
642.0000 1.5073
645.0000 1.4793
648.0000 1.4561
651.0000 1.4403
654.0000 1.4337
657.0000 1.4371
660.0000 1.4502
663.0000 1.4714
666.0000 1.4983
669.0000 1.5277
672.0000 1.5564
675.0000 1.5809
678.0000 1.5984
681.0000 1.6070
684.0000 1.6055
687.0000 1.5943
690.0000 1.5745
693.0000 1.5484
696.0000 1.5192
699.0000 1.4900
702.0000 1.4644
705.0000 1.4452
708.0000 1.4347
711.0000 1.4341
714.0000 1.4435
717.0000 1.4618
720.0000 1.4868
723.0000 1.5158
726.0000 1.5453
729.0000 1.5720
732.0000 1.5927
735.0000 1.6051
738.0000 1.6077
741.0000 1.6003
744.0000 1.5836
747.0000 1.5596
750.0000 1.5311
753.0000 1.5014
756.0000 1.4738
759.0000 1.4516
762.0000 1.4374
765.0000 1.4327
768.0000 1.4382
771.0000 1.4532
774.0000 1.4759
777.0000 1.5038
780.0000 1.5337
783.0000 1.5621
786.0000 1.5856
789.0000 1.6017
792.0000 1.6084
795.0000 1.6049
798.0000 1.5917
801.0000 1.5702
804.0000 1.5430
807.0000 1.5132
810.0000 1.4842
813.0000 1.4594
816.0000 1.4416
819.0000 1.4329
822.0000 1.4343
825.0000 1.4457
828.0000 1.4657
831.0000 1.4921
834.0000 1.5217
837.0000 1.5513
840.0000 1.5772
843.0000 1.5967
846.0000 1.6073
849.0000 1.6079
852.0000 1.5985
855.0000 1.5800
858.0000 1.5546
861.0000 1.5253
864.0000 1.4954
867.0000 1.4684
870.0000 1.4473
873.0000 1.4348
876.0000 1.4321
879.0000 1.4396
882.0000 1.4565
885.0000 1.4808
888.0000 1.5096
891.0000 1.5398
894.0000 1.5677
897.0000 1.5902
900.0000 1.6046
903.0000 1.6094
906.0000 1.6038
909.0000 1.5887
912.0000 1.5656
915.0000 1.5374
918.0000 1.5071
921.0000 1.4784
924.0000 1.4545
927.0000 1.4383
930.0000 1.4315
933.0000 1.4350
936.0000 1.4483
939.0000 1.4700
942.0000 1.4976
945.0000 1.5278
948.0000 1.5572
951.0000 1.5823
954.0000 1.6003
957.0000 1.6091
960.0000 1.6077
963.0000 1.5962
966.0000 1.5759
969.0000 1.5493
972.0000 1.5193
975.0000 1.4894
978.0000 1.4630
981.0000 1.4434
984.0000 1.4326
987.0000 1.4319
990.0000 1.4415
993.0000 1.4602
996.0000 1.4859
999.0000 1.5156
1002.0000 1.5458
1005.0000 1.5732
1008.0000 1.5945
1011.0000 1.6072
1014.0000 1.6100
1017.0000 1.6024
1020.0000 1.5853
1023.0000 1.5608
1026.0000 1.5315
1029.0000 1.5010
1032.0000 1.4727
1035.0000 1.4499
1038.0000 1.4353
1041.0000 1.4305
1044.0000 1.4360
1047.0000 1.4514
1050.0000 1.4747
1053.0000 1.5033
1056.0000 1.5339
1059.0000 1.5630
1062.0000 1.5872
1065.0000 1.6037
1068.0000 1.6106
1071.0000 1.6071
1074.0000 1.5936
1077.0000 1.5716
1080.0000 1.5437
1083.0000 1.5131
1086.0000 1.4834
1089.0000 1.4579
1092.0000 1.4396
1095.0000 1.4307
1098.0000 1.4321
1101.0000 1.4437
1104.0000 1.4642
1107.0000 1.4912
1110.0000 1.5216
1113.0000 1.5519
1116.0000 1.5786
1119.0000 1.5985
1122.0000 1.6095
1125.0000 1.6102
1128.0000 1.6005
1131.0000 1.5816
1134.0000 1.5556
1137.0000 1.5255
1140.0000 1.4949
1143.0000 1.4671
1146.0000 1.4456
1149.0000 1.4326
1152.0000 1.4298
1155.0000 1.4375
1158.0000 1.4548
1161.0000 1.4796
1164.0000 1.5092
1167.0000 1.5401
1170.0000 1.5688
1173.0000 1.5919
1176.0000 1.6067
1179.0000 1.6116
1182.0000 1.6060
1185.0000 1.5905
1188.0000 1.5669
1191.0000 1.5379
1194.0000 1.5069
1197.0000 1.4775
1200.0000 1.4530
1203.0000 1.4362
1206.0000 1.4292
1209.0000 1.4328
1212.0000 1.4464
1215.0000 1.4687
1218.0000 1.4969
1221.0000 1.5278
1224.0000 1.5580
1227.0000 1.5838
1230.0000 1.6023
1233.0000 1.6114
1236.0000 1.6100
1239.0000 1.5982
1242.0000 1.5775
1245.0000 1.5501
1248.0000 1.5194
1251.0000 1.4887
1254.0000 1.4617
1257.0000 1.4415
1260.0000 1.4303
1263.0000 1.4296
1266.0000 1.4394
1269.0000 1.4586
1272.0000 1.4849
1275.0000 1.5153
1278.0000 1.5464
1281.0000 1.5744
1284.0000 1.5963
1287.0000 1.6094
1290.0000 1.6123
1293.0000 1.6045
1296.0000 1.5871
1299.0000 1.5619
1302.0000 1.5319
1305.0000 1.5006
1308.0000 1.4716
1311.0000 1.4482
1314.0000 1.4332
1317.0000 1.4282
1320.0000 1.4338
1323.0000 1.4495
1326.0000 1.4734
1329.0000 1.5027
1332.0000 1.5341
1335.0000 1.5640
1338.0000 1.5888
1341.0000 1.6058
1344.0000 1.6129
1347.0000 1.6093
1350.0000 1.5955
1353.0000 1.5730
1356.0000 1.5444
1359.0000 1.5131
1362.0000 1.4826
1365.0000 1.4564
1368.0000 1.4376
1371.0000 1.4284
1374.0000 1.4298
1377.0000 1.4417
1380.0000 1.4627
1383.0000 1.4904
1386.0000 1.5215
1389.0000 1.5526
1392.0000 1.5799
1395.0000 1.6005
1398.0000 1.6117
1401.0000 1.6125
1404.0000 1.6026
1407.0000 1.5832
1410.0000 1.5566
1413.0000 1.5258
1416.0000 1.4943
1419.0000 1.4659
1422.0000 1.4437
1425.0000 1.4304
1428.0000 1.4275
1431.0000 1.4353
1434.0000 1.4530
1437.0000 1.4785
1440.0000 1.5088
1443.0000 1.5405
1446.0000 1.5699
1449.0000 1.5936
1452.0000 1.6089
1455.0000 1.6139
1458.0000 1.6082
1461.0000 1.5924
1464.0000 1.5682
1467.0000 1.5385
1470.0000 1.5067
1473.0000 1.4765
1476.0000 1.4513
1479.0000 1.4341
1482.0000 1.4269
1485.0000 1.4305
1488.0000 1.4445
1491.0000 1.4672
1494.0000 1.4961
1497.0000 1.5279
1500.0000 1.5588
