3.0000 2.2000
6.0000 2.2000
9.0000 2.2000
12.0000 2.2000
15.0000 2.2000
18.0000 2.2000
21.0000 2.2000
24.0000 2.2014
27.0000 2.2049
30.0000 2.2096
33.0000 2.2150
36.0000 2.2205
39.0000 2.2254
42.0000 2.2293
45.0000 2.2316
48.0000 2.2320
51.0000 2.2306
54.0000 2.2275
57.0000 2.2230
60.0000 2.2177
63.0000 2.2122
66.0000 2.2070
69.0000 2.2029
72.0000 2.2003
75.0000 2.1994
78.0000 2.2005
81.0000 2.2033
84.0000 2.2075
87.0000 2.2127
90.0000 2.2183
93.0000 2.2236
96.0000 2.2280
99.0000 2.2309
102.0000 2.2322
105.0000 2.2315
108.0000 2.2290
111.0000 2.2250
114.0000 2.2199
117.0000 2.2144
120.0000 2.2090
123.0000 2.2044
126.0000 2.2011
129.0000 2.1995
132.0000 2.1997
135.0000 2.2019
138.0000 2.2056
141.0000 2.2105
144.0000 2.2161
147.0000 2.2216
150.0000 2.2264
153.0000 2.2300
156.0000 2.2320
159.0000 2.2321
162.0000 2.2303
165.0000 2.2268
168.0000 2.2221
171.0000 2.2166
174.0000 2.2110
177.0000 2.2060
180.0000 2.2021
183.0000 2.1998
186.0000 2.1993
189.0000 2.2007
192.0000 2.2039
195.0000 2.2084
198.0000 2.2138
201.0000 2.2194
204.0000 2.2246
207.0000 2.2288
210.0000 2.2315
213.0000 2.2323
216.0000 2.2313
219.0000 2.2285
222.0000 2.2241
225.0000 2.2189
228.0000 2.2132
231.0000 2.2079
234.0000 2.2035
237.0000 2.2004
240.0000 2.1992
243.0000 2.1999
246.0000 2.2024
249.0000 2.2064
252.0000 2.2116
255.0000 2.2172
258.0000 2.2227
261.0000 2.2273
264.0000 2.2307
267.0000 2.2323
270.0000 2.2320
273.0000 2.2299
276.0000 2.2261
279.0000 2.2211
282.0000 2.2155
285.0000 2.2099
288.0000 2.2050
291.0000 2.2014
294.0000 2.1994
297.0000 2.1993
300.0000 2.2011
303.0000 2.2046
306.0000 2.2094
309.0000 2.2149
312.0000 2.2206
315.0000 2.2257
318.0000 2.2296
321.0000 2.2320
324.0000 2.2325
327.0000 2.2310
330.0000 2.2278
333.0000 2.2232
336.0000 2.2178
339.0000 2.2121
342.0000 2.2068
345.0000 2.2026
348.0000 2.1999
351.0000 2.1990
354.0000 2.2001
357.0000 2.2029
360.0000 2.2073
363.0000 2.2126
366.0000 2.2183
369.0000 2.2238
372.0000 2.2283
375.0000 2.2313
378.0000 2.2326
381.0000 2.2319
384.0000 2.2294
387.0000 2.2253
390.0000 2.2201
393.0000 2.2144
396.0000 2.2088
399.0000 2.2041
402.0000 2.2007
405.0000 2.1990
408.0000 2.1993
411.0000 2.2015
414.0000 2.2053
417.0000 2.2104
420.0000 2.2161
423.0000 2.2217
426.0000 2.2267
429.0000 2.2304
432.0000 2.2324
435.0000 2.2325
438.0000 2.2307
441.0000 2.2271
444.0000 2.2223
447.0000 2.2167
450.0000 2.2109
453.0000 2.2058
456.0000 2.2018
459.0000 2.1994
462.0000 2.1989
465.0000 2.2003
468.0000 2.2036
471.0000 2.2082
474.0000 2.2137
477.0000 2.2195
480.0000 2.2248
483.0000 2.2291
486.0000 2.2319
489.0000 2.2328
492.0000 2.2317
495.0000 2.2288
498.0000 2.2244
501.0000 2.2190
504.0000 2.2132
507.0000 2.2077
510.0000 2.2032
513.0000 2.2001
516.0000 2.1988
519.0000 2.1995
522.0000 2.2020
525.0000 2.2062
528.0000 2.2114
531.0000 2.2172
534.0000 2.2228
537.0000 2.2276
540.0000 2.2311
543.0000 2.2327
546.0000 2.2324
549.0000 2.2302
552.0000 2.2264
555.0000 2.2212
558.0000 2.2155
561.0000 2.2098
564.0000 2.2048
567.0000 2.2010
570.0000 2.1990
573.0000 2.1989
576.0000 2.2007
579.0000 2.2043
582.0000 2.2092
585.0000 2.2149
588.0000 2.2207
591.0000 2.2259
594.0000 2.2299
597.0000 2.2324
600.0000 2.2329
603.0000 2.2314
606.0000 2.2281
609.0000 2.2234
612.0000 2.2179
615.0000 2.2120
618.0000 2.2066
621.0000 2.2023
624.0000 2.1995
627.0000 2.1986
630.0000 2.1997
633.0000 2.2026
636.0000 2.2071
639.0000 2.2125
642.0000 2.2184
645.0000 2.2239
648.0000 2.2286
651.0000 2.2317
654.0000 2.2330
657.0000 2.2323
660.0000 2.2297
663.0000 2.2255
666.0000 2.2202
669.0000 2.2143
672.0000 2.2087
675.0000 2.2038
678.0000 2.2003
681.0000 2.1986
684.0000 2.1989
687.0000 2.2011
690.0000 2.2051
693.0000 2.2102
696.0000 2.2160
699.0000 2.2218
702.0000 2.2269
705.0000 2.2307
708.0000 2.2328
711.0000 2.2329
714.0000 2.2311
717.0000 2.2274
720.0000 2.2225
723.0000 2.2167
726.0000 2.2108
729.0000 2.2056
732.0000 2.2014
735.0000 2.1990
738.0000 2.1985
741.0000 2.1999
744.0000 2.2033
747.0000 2.2080
750.0000 2.2137
753.0000 2.2196
756.0000 2.2250
759.0000 2.2294
762.0000 2.2323
765.0000 2.2332
768.0000 2.2321
771.0000 2.2291
774.0000 2.2246
777.0000 2.2191
780.0000 2.2132
783.0000 2.2075
786.0000 2.2029
789.0000 2.1997
792.0000 2.1983
795.0000 2.1990
798.0000 2.2017
801.0000 2.2059
804.0000 2.2113
807.0000 2.2172
810.0000 2.2230
813.0000 2.2279
816.0000 2.2314
819.0000 2.2332
822.0000 2.2329
825.0000 2.2306
828.0000 2.2266
831.0000 2.2214
834.0000 2.2155
837.0000 2.2097
840.0000 2.2045
843.0000 2.2007
846.0000 2.1985
849.0000 2.1984
852.0000 2.2003
855.0000 2.2040
858.0000 2.2090
861.0000 2.2148
864.0000 2.2208
867.0000 2.2261
870.0000 2.2303
873.0000 2.2328
876.0000 2.2333
879.0000 2.2318
882.0000 2.2285
885.0000 2.2237
888.0000 2.2179
891.0000 2.2120
894.0000 2.2064
897.0000 2.2020
900.0000 2.1991
903.0000 2.1981
906.0000 2.1992
909.0000 2.2022
912.0000 2.2068
915.0000 2.2124
918.0000 2.2184
921.0000 2.2241
924.0000 2.2289
927.0000 2.2321
930.0000 2.2334
933.0000 2.2327
936.0000 2.2301
939.0000 2.2258
942.0000 2.2203
945.0000 2.2143
948.0000 2.2085
951.0000 2.2035
954.0000 2.1999
957.0000 2.1982
960.0000 2.1985
963.0000 2.2008
966.0000 2.2048
969.0000 2.2101
972.0000 2.2160
975.0000 2.2220
978.0000 2.2272
981.0000 2.2311
984.0000 2.2332
987.0000 2.2334
990.0000 2.2315
993.0000 2.2277
996.0000 2.2226
999.0000 2.2168
1002.0000 2.2107
1005.0000 2.2053
1008.0000 2.2011
1011.0000 2.1986
1014.0000 2.1980
1017.0000 2.1995
1020.0000 2.2029
1023.0000 2.2078
1026.0000 2.2136
1029.0000 2.2196
1032.0000 2.2253
1035.0000 2.2298
1038.0000 2.2327
1041.0000 2.2336
1044.0000 2.2325
1047.0000 2.2295
1050.0000 2.2249
1053.0000 2.2192
1056.0000 2.2131
1059.0000 2.2073
1062.0000 2.2025
1065.0000 2.1993
1068.0000 2.1979
1071.0000 2.1986
1074.0000 2.2013
1077.0000 2.2056
1080.0000 2.2112
1083.0000 2.2172
1086.0000 2.2231
1089.0000 2.2282
1092.0000 2.2318
1095.0000 2.2336
1098.0000 2.2333
1101.0000 2.2310
1104.0000 2.2269
1107.0000 2.2216
1110.0000 2.2155
1113.0000 2.2095
1116.0000 2.2043
1119.0000 2.2003
1122.0000 2.1981
1125.0000 2.1980
1128.0000 2.1999
1131.0000 2.2037
1134.0000 2.2088
1137.0000 2.2148
1140.0000 2.2209
1143.0000 2.2264
1146.0000 2.2306
1149.0000 2.2332
1152.0000 2.2338
1155.0000 2.2322
1158.0000 2.2288
1161.0000 2.2239
1164.0000 2.2180
1167.0000 2.2119
1170.0000 2.2062
1173.0000 2.2016
1176.0000 2.1987
1179.0000 2.1977
1182.0000 2.1988
1185.0000 2.2019
1188.0000 2.2066
1191.0000 2.2123
1194.0000 2.2185
1197.0000 2.2243
1200.0000 2.2292
1203.0000 2.2325
1206.0000 2.2339
1209.0000 2.2332
1212.0000 2.2305
1215.0000 2.2261
1218.0000 2.2205
1221.0000 2.2143
1224.0000 2.2083
1227.0000 2.2032
1230.0000 2.1995
1233.0000 2.1977
1236.0000 2.1980
1239.0000 2.2004
1242.0000 2.2045
1245.0000 2.2099
1248.0000 2.2160
1251.0000 2.2221
1254.0000 2.2274
1257.0000 2.2315
1260.0000 2.2337
1263.0000 2.2338
1266.0000 2.2319
1269.0000 2.2281
1272.0000 2.2228
1275.0000 2.2168
1278.0000 2.2106
1281.0000 2.2051
1284.0000 2.2007
1287.0000 2.1981
1290.0000 2.1976
1293.0000 2.1991
1296.0000 2.2026
1299.0000 2.2076
1302.0000 2.2135
1305.0000 2.2197
1308.0000 2.2255
1311.0000 2.2301
1314.0000 2.2331
1317.0000 2.2341
1320.0000 2.2330
1323.0000 2.2299
1326.0000 2.2251
1329.0000 2.2193
1332.0000 2.2131
1335.0000 2.2071
1338.0000 2.2022
1341.0000 2.1989
1344.0000 2.1974
1347.0000 2.1982
1350.0000 2.2009
1353.0000 2.2054
1356.0000 2.2110
1359.0000 2.2172
1362.0000 2.2233
1365.0000 2.2285
1368.0000 2.2322
1371.0000 2.2340
1374.0000 2.2338
1377.0000 2.2314
1380.0000 2.2272
1383.0000 2.2218
1386.0000 2.2156
1389.0000 2.2094
1392.0000 2.2040
1395.0000 2.1999
1398.0000 2.1977
1401.0000 2.1975
1404.0000 2.1995
1407.0000 2.2033
1410.0000 2.2086
1413.0000 2.2147
1416.0000 2.2210
1419.0000 2.2266
1422.0000 2.2310
1425.0000 2.2336
1428.0000 2.2342
1431.0000 2.2327
1434.0000 2.2292
1437.0000 2.2241
1440.0000 2.2181
1443.0000 2.2118
1446.0000 2.2060
1449.0000 2.2013
1452.0000 2.1982
1455.0000 2.1972
1458.0000 2.1984
1461.0000 2.2015
1464.0000 2.2063
1467.0000 2.2122
1470.0000 2.2185
1473.0000 2.2245
1476.0000 2.2295
1479.0000 2.2329
1482.0000 2.2343
1485.0000 2.2336
1488.0000 2.2309
1491.0000 2.2263
1494.0000 2.2206
1497.0000 2.2143
1500.0000 2.2082
