3.0000 1.5000
6.0000 1.5000
9.0000 1.5000
12.0000 1.6000
15.0000 1.9000
18.0000 2.0000
21.0000 2.0000
24.0000 2.0000
27.0000 2.0000
30.0000 2.0000
33.0000 2.0000
36.0000 2.0000
39.0000 2.0000
42.0000 1.9975
45.0000 1.9749
48.0000 1.9444
51.0000 1.9164
54.0000 1.8952
57.0000 1.8814
60.0000 1.8742
63.0000 1.8718
66.0000 1.8725
69.0000 1.8750
72.0000 1.8783
75.0000 1.8815
78.0000 1.8842
81.0000 1.8864
84.0000 1.8880
87.0000 1.8890
90.0000 1.8896
93.0000 1.8899
96.0000 1.8900
99.0000 1.8899
102.0000 1.8898
105.0000 1.8896
108.0000 1.8895
111.0000 1.8894
114.0000 1.8893
117.0000 1.8892
120.0000 1.8892
123.0000 1.8892
126.0000 1.8892
129.0000 1.8892
132.0000 1.8892
135.0000 1.8892
138.0000 1.8892
141.0000 1.8892
144.0000 1.8892
147.0000 1.8892
150.0000 1.8892
153.0000 1.8892
156.0000 1.8892
159.0000 1.8892
162.0000 1.8893
165.0000 1.8897
168.0000 1.8900
171.0000 1.8899
174.0000 1.8898
177.0000 1.8896
180.0000 1.8894
183.0000 1.8893
186.0000 1.8892
189.0000 1.8891
192.0000 1.8891
195.0000 1.8891
198.0000 1.8891
201.0000 1.8890
204.0000 1.8890
207.0000 1.8891
210.0000 1.8891
213.0000 1.8891
216.0000 1.8892
219.0000 1.8892
222.0000 1.8892
225.0000 1.8893
228.0000 1.8893
231.0000 1.8893
234.0000 1.8893
237.0000 1.8893
240.0000 1.8892
243.0000 1.8892
246.0000 1.8892
249.0000 1.8892
252.0000 1.8892
255.0000 1.8892
258.0000 1.8892
261.0000 1.8892
264.0000 1.8892
267.0000 1.8892
270.0000 1.8892
273.0000 1.8892
276.0000 1.8892
279.0000 1.8892
282.0000 1.8892
285.0000 1.8892
288.0000 1.8892
291.0000 1.8892
294.0000 1.8892
297.0000 1.8892
300.0000 1.6892
303.0000 1.3892
306.0000 1.0892
309.0000 1.0000
312.0000 1.0000
315.0000 1.0000
318.0000 1.0204
321.0000 1.0997
324.0000 1.1943
327.0000 1.2785
330.0000 1.3420
333.0000 1.3836
336.0000 1.4064
339.0000 1.4151
342.0000 1.4144
345.0000 1.4084
348.0000 1.4002
351.0000 1.3918
354.0000 1.3843
357.0000 1.3783
360.0000 1.3739
363.0000 1.3710
366.0000 1.3693
369.0000 1.3685
372.0000 1.3683
375.0000 1.3684
378.0000 1.3688
381.0000 1.3691
384.0000 1.3695
387.0000 1.3698
390.0000 1.3700
393.0000 1.3702
396.0000 1.3703
399.0000 1.3703
402.0000 1.3704
405.0000 1.3703
408.0000 1.3703
411.0000 1.3703
414.0000 1.3703
417.0000 1.3703
420.0000 1.3703
423.0000 1.3703
426.0000 1.3703
429.0000 1.3703
432.0000 1.3703
435.0000 1.3703
438.0000 1.3703
441.0000 1.3703
444.0000 1.3703
447.0000 1.3703
450.0000 1.3701
453.0000 1.3697
456.0000 1.3692
459.0000 1.3690
462.0000 1.3692
465.0000 1.3695
468.0000 1.3699
471.0000 1.3702
474.0000 1.3705
477.0000 1.3708
480.0000 1.3709
483.0000 1.3709
486.0000 1.3708
489.0000 1.3707
492.0000 1.3705
495.0000 1.3704
498.0000 1.3703
501.0000 1.3702
504.0000 1.3702
507.0000 1.3701
510.0000 1.3702
513.0000 1.3702
516.0000 1.3702
519.0000 1.3702
522.0000 1.3702
525.0000 1.3702
528.0000 1.3703
531.0000 1.3703
534.0000 1.3703
537.0000 1.3703
540.0000 1.3703
543.0000 1.3703
546.0000 1.3703
549.0000 1.3703
552.0000 1.3703
555.0000 1.3703
558.0000 1.3703
561.0000 1.3703
564.0000 1.3703
567.0000 1.3703
570.0000 1.3703
573.0000 1.3703
576.0000 1.3703
579.0000 1.3703
582.0000 1.3703
585.0000 1.3703
588.0000 1.3703
591.0000 1.3703
594.0000 1.3703
597.0000 1.3703
600.0000 1.2041
603.0000 1.0871
606.0000 1.0638
609.0000 1.0863
612.0000 1.1260
615.0000 1.1670
618.0000 1.2017
621.0000 1.2273
624.0000 1.2439
627.0000 1.2531
630.0000 1.2567
633.0000 1.2567
636.0000 1.2546
639.0000 1.2516
642.0000 1.2485
645.0000 1.2457
648.0000 1.2435
651.0000 1.2419
654.0000 1.2408
657.0000 1.2402
660.0000 1.2399
663.0000 1.2398
666.0000 1.2398
669.0000 1.2400
672.0000 1.2401
675.0000 1.2402
678.0000 1.2403
681.0000 1.2404
684.0000 1.2405
687.0000 1.2405
690.0000 1.2405
693.0000 1.2406
696.0000 1.2406
699.0000 1.2405
702.0000 1.2405
705.0000 1.2405
708.0000 1.2405
711.0000 1.2405
714.0000 1.2405
717.0000 1.2405
720.0000 1.2405
723.0000 1.2405
726.0000 1.2405
729.0000 1.2405
732.0000 1.2405
735.0000 1.2405
738.0000 1.2405
741.0000 1.2405
744.0000 1.2405
747.0000 1.2405
750.0000 1.2404
753.0000 1.2401
756.0000 1.2401
759.0000 1.2401
762.0000 1.2403
765.0000 1.2405
768.0000 1.2406
771.0000 1.2407
774.0000 1.2407
777.0000 1.2407
780.0000 1.2407
783.0000 1.2406
786.0000 1.2406
789.0000 1.2405
792.0000 1.2405
795.0000 1.2405
798.0000 1.2405
801.0000 1.2405
804.0000 1.2405
807.0000 1.2405
810.0000 1.2405
813.0000 1.2405
816.0000 1.2405
819.0000 1.2405
822.0000 1.2405
825.0000 1.2405
828.0000 1.2405
831.0000 1.2405
834.0000 1.2405
837.0000 1.2405
840.0000 1.2405
843.0000 1.2405
846.0000 1.2405
849.0000 1.2405
852.0000 1.2405
855.0000 1.2405
858.0000 1.2405
861.0000 1.2405
864.0000 1.2405
867.0000 1.2405
870.0000 1.2405
873.0000 1.2405
876.0000 1.2405
879.0000 1.2405
882.0000 1.2405
885.0000 1.2405
888.0000 1.2405
891.0000 1.2405
894.0000 1.2405
897.0000 1.2405
900.0000 1.4405
903.0000 1.7405
906.0000 2.0000
909.0000 2.0000
912.0000 2.0000
915.0000 1.9483
918.0000 1.8600
921.0000 1.7707
924.0000 1.6969
927.0000 1.6440
930.0000 1.6110
933.0000 1.5942
936.0000 1.5890
939.0000 1.5913
942.0000 1.5975
945.0000 1.6051
948.0000 1.6125
951.0000 1.6189
954.0000 1.6238
957.0000 1.6274
960.0000 1.6296
963.0000 1.6309
966.0000 1.6314
969.0000 1.6315
972.0000 1.6313
975.0000 1.6310
978.0000 1.6307
981.0000 1.6303
984.0000 1.6301
987.0000 1.6299
990.0000 1.6298
993.0000 1.6297
996.0000 1.6297
999.0000 1.6297
1002.0000 1.6297
1005.0000 1.6297
1008.0000 1.6297
1011.0000 1.6297
1014.0000 1.6297
1017.0000 1.6297
1020.0000 1.6297
1023.0000 1.6297
1026.0000 1.6297
1029.0000 1.6297
1032.0000 1.6297
1035.0000 1.6297
1038.0000 1.6297
1041.0000 1.6297
1044.0000 1.6297
1047.0000 1.6297
1050.0000 1.6299
1053.0000 1.6303
1056.0000 1.6308
1059.0000 1.6308
1062.0000 1.6306
1065.0000 1.6303
1068.0000 1.6299
1071.0000 1.6295
1074.0000 1.6293
1077.0000 1.6292
1080.0000 1.6292
1083.0000 1.6293
1086.0000 1.6294
1089.0000 1.6295
1092.0000 1.6296
1095.0000 1.6297
1098.0000 1.6298
1101.0000 1.6298
1104.0000 1.6298
1107.0000 1.6298
1110.0000 1.6298
1113.0000 1.6298
1116.0000 1.6298
1119.0000 1.6298
1122.0000 1.6297
1125.0000 1.6297
1128.0000 1.6297
1131.0000 1.6297
1134.0000 1.6297
1137.0000 1.6297
1140.0000 1.6297
1143.0000 1.6297
1146.0000 1.6297
1149.0000 1.6297
1152.0000 1.6297
1155.0000 1.6297
1158.0000 1.6297
1161.0000 1.6297
1164.0000 1.6297
1167.0000 1.6297
1170.0000 1.6297
1173.0000 1.6297
1176.0000 1.6297
1179.0000 1.6297
1182.0000 1.6297
1185.0000 1.6297
1188.0000 1.6297
1191.0000 1.6297
1194.0000 1.6297
1197.0000 1.6297
1200.0000 1.7959
1203.0000 1.9129
1206.0000 1.9362
1209.0000 1.9137
1212.0000 1.8740
1215.0000 1.8330
1218.0000 1.7983
1221.0000 1.7727
1224.0000 1.7561
1227.0000 1.7469
1230.0000 1.7433
1233.0000 1.7433
1236.0000 1.7454
1239.0000 1.7484
1242.0000 1.7515
1245.0000 1.7543
1248.0000 1.7565
1251.0000 1.7581
1254.0000 1.7592
1257.0000 1.7598
1260.0000 1.7601
1263.0000 1.7602
1266.0000 1.7602
1269.0000 1.7600
1272.0000 1.7599
1275.0000 1.7598
1278.0000 1.7597
1281.0000 1.7596
1284.0000 1.7595
1287.0000 1.7595
1290.0000 1.7595
1293.0000 1.7594
1296.0000 1.7594
1299.0000 1.7595
1302.0000 1.7595
1305.0000 1.7595
1308.0000 1.7595
1311.0000 1.7595
1314.0000 1.7595
1317.0000 1.7595
1320.0000 1.7595
1323.0000 1.7595
1326.0000 1.7595
1329.0000 1.7595
1332.0000 1.7595
1335.0000 1.7595
1338.0000 1.7595
1341.0000 1.7595
1344.0000 1.7595
1347.0000 1.7595
1350.0000 1.7596
1353.0000 1.7599
1356.0000 1.7599
1359.0000 1.7599
1362.0000 1.7597
1365.0000 1.7595
1368.0000 1.7594
1371.0000 1.7593
1374.0000 1.7593
1377.0000 1.7593
1380.0000 1.7593
1383.0000 1.7594
1386.0000 1.7594
1389.0000 1.7595
1392.0000 1.7595
1395.0000 1.7595
1398.0000 1.7595
1401.0000 1.7595
1404.0000 1.7595
1407.0000 1.7595
1410.0000 1.7595
1413.0000 1.7595
1416.0000 1.7595
1419.0000 1.7595
1422.0000 1.7595
1425.0000 1.7595
1428.0000 1.7595
1431.0000 1.7595
1434.0000 1.7595
1437.0000 1.7595
1440.0000 1.7595
1443.0000 1.7595
1446.0000 1.7595
1449.0000 1.7595
1452.0000 1.7595
1455.0000 1.7595
1458.0000 1.7595
1461.0000 1.7595
1464.0000 1.7595
1467.0000 0.0000
1470.0000 0.0000
1473.0000 0.0000
1476.0000 0.0000
1479.0000 0.0000
1482.0000 0.0000
1485.0000 0.0000
1488.0000 0.0000
1491.0000 0.0000
1494.0000 0.0000
1497.0000 0.0000
1500.0000 0.0000
