3.0000 1.5000
6.0000 1.5000
9.0000 1.5000
12.0000 1.6000
15.0000 1.5343
18.0000 1.5857
21.0000 1.6372
24.0000 1.6762
27.0000 1.7144
30.0000 1.7367
33.0000 1.7471
36.0000 1.7493
39.0000 1.7464
42.0000 1.7440
45.0000 1.7451
48.0000 1.7514
51.0000 1.7628
54.0000 1.7776
57.0000 1.7937
60.0000 1.8086
63.0000 1.8208
66.0000 1.8295
69.0000 1.8347
72.0000 1.8373
75.0000 1.8385
78.0000 1.8396
81.0000 1.8414
84.0000 1.8444
87.0000 1.8485
90.0000 1.8534
93.0000 1.8585
96.0000 1.8633
99.0000 1.8672
102.0000 1.8701
105.0000 1.8720
108.0000 1.8732
111.0000 1.8740
114.0000 1.8747
117.0000 1.8755
120.0000 1.8765
123.0000 1.8779
126.0000 1.8794
129.0000 1.8809
132.0000 1.8823
135.0000 1.8834
138.0000 1.8843
141.0000 1.8849
144.0000 1.8853
147.0000 1.8855
150.0000 1.8858
153.0000 1.8860
156.0000 1.8863
159.0000 1.8867
162.0000 1.8871
165.0000 1.8875
168.0000 1.8878
171.0000 1.8881
174.0000 1.8884
177.0000 1.8885
180.0000 1.8886
183.0000 1.8887
186.0000 1.8887
189.0000 1.8888
192.0000 1.8888
195.0000 1.8889
198.0000 1.8890
201.0000 1.8891
204.0000 1.8892
207.0000 1.8892
210.0000 1.8893
213.0000 1.8893
216.0000 1.8893
219.0000 1.8893
222.0000 1.8893
225.0000 1.8893
228.0000 1.8893
231.0000 1.8893
234.0000 1.8893
237.0000 1.8893
240.0000 1.8893
243.0000 1.8893
246.0000 1.8893
249.0000 1.8893
252.0000 1.8893
255.0000 1.8893
258.0000 1.8893
261.0000 1.8893
264.0000 1.8893
267.0000 1.8893
270.0000 1.8893
273.0000 1.8893
276.0000 1.8893
279.0000 1.8893
282.0000 1.8893
285.0000 1.8893
288.0000 1.8893
291.0000 1.8893
294.0000 1.8893
297.0000 1.8893
300.0000 1.7893
303.0000 1.8435
306.0000 1.7749
309.0000 1.7064
312.0000 1.6505
315.0000 1.6002
318.0000 1.5710
321.0000 1.5580
324.0000 1.5564
327.0000 1.5613
330.0000 1.5652
333.0000 1.5638
336.0000 1.5552
339.0000 1.5395
342.0000 1.5191
345.0000 1.4972
348.0000 1.4769
351.0000 1.4605
354.0000 1.4492
357.0000 1.4425
360.0000 1.4393
363.0000 1.4380
366.0000 1.4367
369.0000 1.4344
372.0000 1.4303
375.0000 1.4247
378.0000 1.4180
381.0000 1.4110
384.0000 1.4046
387.0000 1.3994
390.0000 1.3955
393.0000 1.3930
396.0000 1.3915
399.0000 1.3906
402.0000 1.3897
405.0000 1.3887
408.0000 1.3872
411.0000 1.3854
414.0000 1.3834
417.0000 1.3814
420.0000 1.3795
423.0000 1.3779
426.0000 1.3768
429.0000 1.3760
432.0000 1.3755
435.0000 1.3752
438.0000 1.3749
441.0000 1.3746
444.0000 1.3742
447.0000 1.3737
450.0000 1.3731
453.0000 1.3726
456.0000 1.3721
459.0000 1.3717
462.0000 1.3714
465.0000 1.3712
468.0000 1.3711
471.0000 1.3710
474.0000 1.3710
477.0000 1.3709
480.0000 1.3708
483.0000 1.3707
486.0000 1.3706
489.0000 1.3705
492.0000 1.3703
495.0000 1.3703
498.0000 1.3702
501.0000 1.3702
504.0000 1.3702
507.0000 1.3702
510.0000 1.3702
513.0000 1.3702
516.0000 1.3702
519.0000 1.3702
522.0000 1.3701
525.0000 1.3701
528.0000 1.3701
531.0000 1.3701
534.0000 1.3701
537.0000 1.3701
540.0000 1.3701
543.0000 1.3701
546.0000 1.3701
549.0000 1.3701
552.0000 1.3701
555.0000 1.3701
558.0000 1.3702
561.0000 1.3702
564.0000 1.3702
567.0000 1.3702
570.0000 1.3702
573.0000 1.3702
576.0000 1.3702
579.0000 1.3702
582.0000 1.3702
585.0000 1.3702
588.0000 1.3702
591.0000 1.3702
594.0000 1.3702
597.0000 1.3702
600.0000 1.2702
603.0000 1.3588
606.0000 1.3416
609.0000 1.3245
612.0000 1.3190
615.0000 1.3050
618.0000 1.2966
621.0000 1.2914
624.0000 1.2878
627.0000 1.2868
630.0000 1.2864
633.0000 1.2856
636.0000 1.2841
639.0000 1.2814
642.0000 1.2777
645.0000 1.2734
648.0000 1.2691
651.0000 1.2652
654.0000 1.2620
657.0000 1.2597
660.0000 1.2581
663.0000 1.2572
666.0000 1.2565
669.0000 1.2558
672.0000 1.2549
675.0000 1.2538
678.0000 1.2525
681.0000 1.2511
684.0000 1.2497
687.0000 1.2484
690.0000 1.2473
693.0000 1.2465
696.0000 1.2460
699.0000 1.2455
702.0000 1.2452
705.0000 1.2449
708.0000 1.2446
711.0000 1.2442
714.0000 1.2438
717.0000 1.2434
720.0000 1.2430
723.0000 1.2426
726.0000 1.2423
729.0000 1.2420
732.0000 1.2419
735.0000 1.2417
738.0000 1.2416
741.0000 1.2416
744.0000 1.2415
747.0000 1.2414
750.0000 1.2412
753.0000 1.2411
756.0000 1.2410
759.0000 1.2409
762.0000 1.2408
765.0000 1.2408
768.0000 1.2407
771.0000 1.2407
774.0000 1.2407
777.0000 1.2407
780.0000 1.2406
783.0000 1.2406
786.0000 1.2406
789.0000 1.2406
792.0000 1.2406
795.0000 1.2405
798.0000 1.2405
801.0000 1.2405
804.0000 1.2405
807.0000 1.2405
810.0000 1.2405
813.0000 1.2405
816.0000 1.2405
819.0000 1.2405
822.0000 1.2405
825.0000 1.2405
828.0000 1.2405
831.0000 1.2405
834.0000 1.2405
837.0000 1.2405
840.0000 1.2405
843.0000 1.2405
846.0000 1.2405
849.0000 1.2405
852.0000 1.2405
855.0000 1.2405
858.0000 1.2405
861.0000 1.2405
864.0000 1.2405
867.0000 1.2405
870.0000 1.2405
873.0000 1.2405
876.0000 1.2405
879.0000 1.2405
882.0000 1.2405
885.0000 1.2405
888.0000 1.2405
891.0000 1.2405
894.0000 1.2405
897.0000 1.2405
900.0000 1.3405
903.0000 1.2748
906.0000 1.3262
909.0000 1.3777
912.0000 1.4168
915.0000 1.4549
918.0000 1.4772
921.0000 1.4876
924.0000 1.4899
927.0000 1.4869
930.0000 1.4845
933.0000 1.4856
936.0000 1.4919
939.0000 1.5033
942.0000 1.5181
945.0000 1.5342
948.0000 1.5491
951.0000 1.5613
954.0000 1.5700
957.0000 1.5752
960.0000 1.5778
963.0000 1.5791
966.0000 1.5801
969.0000 1.5819
972.0000 1.5849
975.0000 1.5890
978.0000 1.5939
981.0000 1.5991
984.0000 1.6038
987.0000 1.6077
990.0000 1.6106
993.0000 1.6126
996.0000 1.6138
999.0000 1.6145
1002.0000 1.6152
1005.0000 1.6160
1008.0000 1.6171
1011.0000 1.6184
1014.0000 1.6199
1017.0000 1.6214
1020.0000 1.6228
1023.0000 1.6239
1026.0000 1.6248
1029.0000 1.6254
1032.0000 1.6258
1035.0000 1.6261
1038.0000 1.6263
1041.0000 1.6265
1044.0000 1.6268
1047.0000 1.6272
1050.0000 1.6276
1053.0000 1.6280
1056.0000 1.6284
1059.0000 1.6287
1062.0000 1.6289
1065.0000 1.6290
1068.0000 1.6291
1071.0000 1.6292
1074.0000 1.6292
1077.0000 1.6293
1080.0000 1.6293
1083.0000 1.6294
1086.0000 1.6295
1089.0000 1.6296
1092.0000 1.6297
1095.0000 1.6297
1098.0000 1.6298
1101.0000 1.6298
1104.0000 1.6298
1107.0000 1.6298
1110.0000 1.6298
1113.0000 1.6298
1116.0000 1.6298
1119.0000 1.6298
1122.0000 1.6298
1125.0000 1.6298
1128.0000 1.6299
1131.0000 1.6299
1134.0000 1.6299
1137.0000 1.6299
1140.0000 1.6299
1143.0000 1.6298
1146.0000 1.6298
1149.0000 1.6298
1152.0000 1.6298
1155.0000 1.6298
1158.0000 1.6298
1161.0000 1.6298
1164.0000 1.6298
1167.0000 1.6298
1170.0000 1.6298
1173.0000 1.6298
1176.0000 1.6298
1179.0000 1.6298
1182.0000 1.6298
1185.0000 1.6298
1188.0000 1.6298
1191.0000 1.6298
1194.0000 1.6298
1197.0000 1.6298
1200.0000 1.7298
1203.0000 1.6412
1206.0000 1.6584
1209.0000 1.6755
1212.0000 1.6810
1215.0000 1.6950
1218.0000 1.7033
1221.0000 1.7086
1224.0000 1.7122
1227.0000 1.7132
1230.0000 1.7136
1233.0000 1.7144
1236.0000 1.7159
1239.0000 1.7186
1242.0000 1.7223
1245.0000 1.7266
1248.0000 1.7309
1251.0000 1.7348
1254.0000 1.7380
1257.0000 1.7403
1260.0000 1.7419
1263.0000 1.7428
1266.0000 1.7435
1269.0000 1.7442
1272.0000 1.7451
1275.0000 1.7462
1278.0000 1.7475
1281.0000 1.7489
1284.0000 1.7503
1287.0000 1.7516
1290.0000 1.7527
1293.0000 1.7535
1296.0000 1.7540
1299.0000 1.7545
1302.0000 1.7548
1305.0000 1.7551
1308.0000 1.7554
1311.0000 1.7558
1314.0000 1.7562
1317.0000 1.7566
1320.0000 1.7570
1323.0000 1.7574
1326.0000 1.7577
1329.0000 1.7580
1332.0000 1.7581
1335.0000 1.7583
1338.0000 1.7584
1341.0000 1.7584
1344.0000 1.7585
1347.0000 1.7586
1350.0000 1.7588
1353.0000 1.7589
1356.0000 1.7590
1359.0000 1.7591
1362.0000 1.7592
1365.0000 1.7592
1368.0000 1.7593
1371.0000 1.7593
1374.0000 1.7593
1377.0000 1.7593
1380.0000 1.7594
1383.0000 1.7594
1386.0000 1.7594
1389.0000 1.7594
1392.0000 1.7594
1395.0000 1.7595
1398.0000 1.7595
1401.0000 1.7595
1404.0000 1.7595
1407.0000 1.7595
1410.0000 1.7595
1413.0000 1.7595
1416.0000 1.7595
1419.0000 1.7595
1422.0000 1.7595
1425.0000 1.7595
1428.0000 1.7595
1431.0000 1.7595
1434.0000 1.7595
1437.0000 1.7595
1440.0000 1.7595
1443.0000 1.7595
1446.0000 1.7595
1449.0000 1.7595
1452.0000 1.7595
1455.0000 1.7595
1458.0000 1.7595
1461.0000 1.7595
1464.0000 1.7595
1467.0000 1.7595
1470.0000 1.7595
1473.0000 1.7595
1476.0000 1.7595
1479.0000 1.7595
1482.0000 1.7595
1485.0000 1.7595
1488.0000 1.7595
1491.0000 1.7595
1494.0000 1.7595
1497.0000 1.7595
1500.0000 1.7595
