3.0000 2.2000
6.0000 2.2000
9.0000 2.2000
12.0000 2.2000
15.0000 2.2000
18.0000 2.2000
21.0000 2.2000
24.0000 2.2008
27.0000 2.2021
30.0000 2.2050
33.0000 2.2100
36.0000 2.2175
39.0000 2.2272
42.0000 2.2388
45.0000 2.2515
48.0000 2.2647
51.0000 2.2776
54.0000 2.2899
57.0000 2.3014
60.0000 2.3121
63.0000 2.3221
66.0000 2.3318
69.0000 2.3414
72.0000 2.3509
75.0000 2.3604
78.0000 2.3698
81.0000 2.3790
84.0000 2.3878
87.0000 2.3960
90.0000 2.4037
93.0000 2.4108
96.0000 2.4173
99.0000 2.4233
102.0000 2.4290
105.0000 2.4343
108.0000 2.4393
111.0000 2.4441
114.0000 2.4486
117.0000 2.4529
120.0000 2.4569
123.0000 2.4606
126.0000 2.4640
129.0000 2.4671
132.0000 2.4699
135.0000 2.4725
138.0000 2.4749
141.0000 2.4771
144.0000 2.4791
147.0000 2.4810
150.0000 2.4828
153.0000 2.4844
156.0000 2.4859
159.0000 2.4873
162.0000 2.4885
165.0000 2.4896
168.0000 2.4907
171.0000 2.4916
174.0000 2.4924
177.0000 2.4932
180.0000 2.4939
183.0000 2.4945
186.0000 2.4951
189.0000 2.4956
192.0000 2.4961
195.0000 2.4965
198.0000 2.4969
201.0000 2.4973
204.0000 2.4976
207.0000 2.4979
210.0000 2.4981
213.0000 2.4984
216.0000 2.4986
219.0000 2.4987
222.0000 2.4989
225.0000 2.4990
228.0000 2.4992
231.0000 2.4993
234.0000 2.4994
237.0000 2.4995
240.0000 2.4996
243.0000 2.4996
246.0000 2.4997
249.0000 2.4997
252.0000 2.4998
255.0000 2.4998
258.0000 2.4999
261.0000 2.4999
264.0000 2.4999
267.0000 2.4999
270.0000 2.5000
273.0000 2.5000
276.0000 2.5000
279.0000 2.5000
282.0000 2.5000
285.0000 2.5000
288.0000 2.5000
291.0000 2.5000
294.0000 2.5000
297.0000 2.5000
300.0000 2.5000
303.0000 2.5000
306.0000 2.5000
309.0000 2.5000
312.0000 2.4993
315.0000 2.4977
318.0000 2.4940
321.0000 2.4873
324.0000 2.4773
327.0000 2.4641
330.0000 2.4485
333.0000 2.4313
336.0000 2.4137
339.0000 2.3963
342.0000 2.3799
345.0000 2.3647
348.0000 2.3505
351.0000 2.3371
354.0000 2.3242
357.0000 2.3115
360.0000 2.2988
363.0000 2.2861
366.0000 2.2736
369.0000 2.2613
372.0000 2.2496
375.0000 2.2385
378.0000 2.2283
381.0000 2.2188
384.0000 2.2102
387.0000 2.2022
390.0000 2.1947
393.0000 2.1876
396.0000 2.1809
399.0000 2.1745
402.0000 2.1685
405.0000 2.1628
408.0000 2.1574
411.0000 2.1525
414.0000 2.1480
417.0000 2.1438
420.0000 2.1401
423.0000 2.1366
426.0000 2.1335
429.0000 2.1305
432.0000 2.1278
435.0000 2.1253
438.0000 2.1229
441.0000 2.1208
444.0000 2.1188
447.0000 2.1169
450.0000 2.1153
453.0000 2.1138
456.0000 2.1124
459.0000 2.1112
462.0000 2.1101
465.0000 2.1091
468.0000 2.1082
471.0000 2.1073
474.0000 2.1065
477.0000 2.1058
480.0000 2.1052
483.0000 2.1046
486.0000 2.1041
489.0000 2.1036
492.0000 2.1032
495.0000 2.1028
498.0000 2.1025
501.0000 2.1022
504.0000 2.1019
507.0000 2.1017
510.0000 2.1015
513.0000 2.1013
516.0000 2.1011
519.0000 2.1009
522.0000 2.1008
525.0000 2.1007
528.0000 2.1006
531.0000 2.1005
534.0000 2.1004
537.0000 2.1003
540.0000 2.1003
543.0000 2.1002
546.0000 2.1002
549.0000 2.1001
552.0000 2.1001
555.0000 2.1001
558.0000 2.1000
561.0000 2.1000
564.0000 2.1000
567.0000 2.1000
570.0000 2.1000
573.0000 2.1000
576.0000 2.1000
579.0000 2.0999
582.0000 2.0999
585.0000 2.0999
588.0000 2.0999
591.0000 2.0999
594.0000 2.0999
597.0000 2.0999
600.0000 2.0999
603.0000 2.0999
606.0000 2.0999
609.0000 2.0999
612.0000 2.0992
615.0000 2.0984
618.0000 2.0972
621.0000 2.0954
624.0000 2.0931
627.0000 2.0902
630.0000 2.0867
633.0000 2.0828
636.0000 2.0787
639.0000 2.0745
642.0000 2.0704
645.0000 2.0665
648.0000 2.0628
651.0000 2.0594
654.0000 2.0560
657.0000 2.0528
660.0000 2.0497
663.0000 2.0466
666.0000 2.0435
669.0000 2.0405
672.0000 2.0377
675.0000 2.0349
678.0000 2.0324
681.0000 2.0300
684.0000 2.0277
687.0000 2.0257
690.0000 2.0238
693.0000 2.0220
696.0000 2.0203
699.0000 2.0187
702.0000 2.0172
705.0000 2.0158
708.0000 2.0145
711.0000 2.0133
714.0000 2.0121
717.0000 2.0111
720.0000 2.0101
723.0000 2.0092
726.0000 2.0084
729.0000 2.0077
732.0000 2.0070
735.0000 2.0064
738.0000 2.0058
741.0000 2.0053
744.0000 2.0048
747.0000 2.0043
750.0000 2.0039
753.0000 2.0035
756.0000 2.0031
759.0000 2.0028
762.0000 2.0026
765.0000 2.0023
768.0000 2.0021
771.0000 2.0019
774.0000 2.0017
777.0000 2.0015
780.0000 2.0013
783.0000 2.0012
786.0000 2.0010
789.0000 2.0009
792.0000 2.0008
795.0000 2.0007
798.0000 2.0006
801.0000 2.0006
804.0000 2.0005
807.0000 2.0004
810.0000 2.0004
813.0000 2.0003
816.0000 2.0003
819.0000 2.0002
822.0000 2.0002
825.0000 2.0002
828.0000 2.0001
831.0000 2.0001
834.0000 2.0001
837.0000 2.0001
840.0000 2.0001
843.0000 2.0001
846.0000 2.0000
849.0000 2.0000
852.0000 2.0000
855.0000 2.0000
858.0000 2.0000
861.0000 2.0000
864.0000 2.0000
867.0000 2.0000
870.0000 2.0000
873.0000 2.0000
876.0000 2.0000
879.0000 2.0000
882.0000 2.0000
885.0000 2.0000
888.0000 2.0000
891.0000 2.0000
894.0000 2.0000
897.0000 2.0000
900.0000 2.0000
903.0000 2.0000
906.0000 2.0000
909.0000 2.0000
912.0000 2.0008
915.0000 2.0021
918.0000 2.0050
921.0000 2.0100
924.0000 2.0175
927.0000 2.0272
930.0000 2.0388
933.0000 2.0515
936.0000 2.0647
939.0000 2.0776
942.0000 2.0899
945.0000 2.1014
948.0000 2.1120
951.0000 2.1221
954.0000 2.1318
957.0000 2.1414
960.0000 2.1509
963.0000 2.1604
966.0000 2.1698
969.0000 2.1790
972.0000 2.1877
975.0000 2.1960
978.0000 2.2037
981.0000 2.2108
984.0000 2.2173
987.0000 2.2233
990.0000 2.2290
993.0000 2.2343
996.0000 2.2393
999.0000 2.2441
1002.0000 2.2486
1005.0000 2.2529
1008.0000 2.2569
1011.0000 2.2606
1014.0000 2.2640
1017.0000 2.2671
1020.0000 2.2699
1023.0000 2.2725
1026.0000 2.2749
1029.0000 2.2771
1032.0000 2.2791
1035.0000 2.2810
1038.0000 2.2828
1041.0000 2.2844
1044.0000 2.2859
1047.0000 2.2873
1050.0000 2.2885
1053.0000 2.2896
1056.0000 2.2907
1059.0000 2.2916
1062.0000 2.2924
1065.0000 2.2932
1068.0000 2.2939
1071.0000 2.2945
1074.0000 2.2951
1077.0000 2.2956
1080.0000 2.2961
1083.0000 2.2965
1086.0000 2.2969
1089.0000 2.2973
1092.0000 2.2976
1095.0000 2.2979
1098.0000 2.2981
1101.0000 2.2984
1104.0000 2.2986
1107.0000 2.2987
1110.0000 2.2989
1113.0000 2.2990
1116.0000 2.2992
1119.0000 2.2993
1122.0000 2.2994
1125.0000 2.2995
1128.0000 2.2996
1131.0000 2.2996
1134.0000 2.2997
1137.0000 2.2997
1140.0000 2.2998
1143.0000 2.2998
1146.0000 2.2999
1149.0000 2.2999
1152.0000 2.2999
1155.0000 2.2999
1158.0000 2.3000
1161.0000 2.3000
1164.0000 2.3000
1167.0000 2.3000
1170.0000 2.3000
1173.0000 2.3000
1176.0000 2.3000
1179.0000 2.3000
1182.0000 2.3000
1185.0000 2.3000
1188.0000 2.3000
1191.0000 2.3000
1194.0000 2.3000
1197.0000 2.3000
1200.0000 2.3000
1203.0000 2.3000
1206.0000 2.3000
1209.0000 2.3000
1212.0000 2.3008
1215.0000 2.3016
1218.0000 2.3028
1221.0000 2.3046
1224.0000 2.3069
1227.0000 2.3098
1230.0000 2.3133
1233.0000 2.3172
1236.0000 2.3213
1239.0000 2.3255
1242.0000 2.3296
1245.0000 2.3335
1248.0000 2.3372
1251.0000 2.3406
1254.0000 2.3440
1257.0000 2.3472
1260.0000 2.3503
1263.0000 2.3534
1266.0000 2.3565
1269.0000 2.3595
1272.0000 2.3623
1275.0000 2.3651
1278.0000 2.3676
1281.0000 2.3700
1284.0000 2.3722
1287.0000 2.3743
1290.0000 2.3762
1293.0000 2.3780
1296.0000 2.3797
1299.0000 2.3813
1302.0000 2.3828
1305.0000 2.3842
1308.0000 2.3855
1311.0000 2.3867
1314.0000 2.3879
1317.0000 2.3889
1320.0000 2.3899
1323.0000 2.3908
1326.0000 2.3916
1329.0000 2.3923
1332.0000 2.3930
1335.0000 2.3936
1338.0000 2.3942
1341.0000 2.3947
1344.0000 2.3952
1347.0000 2.3957
1350.0000 2.3961
1353.0000 2.3965
1356.0000 2.3968
1359.0000 2.3972
1362.0000 2.3974
1365.0000 2.3977
1368.0000 2.3979
1371.0000 2.3981
1374.0000 2.3983
1377.0000 2.3985
1380.0000 2.3987
1383.0000 2.3988
1386.0000 2.3990
1389.0000 2.3991
1392.0000 2.3992
1395.0000 2.3993
1398.0000 2.3994
1401.0000 2.3994
1404.0000 2.3995
1407.0000 2.3996
1410.0000 2.3996
1413.0000 2.3997
1416.0000 2.3997
1419.0000 2.3998
1422.0000 2.3998
1425.0000 2.3998
1428.0000 2.3999
1431.0000 2.3999
1434.0000 2.3999
1437.0000 2.3999
1440.0000 2.3999
1443.0000 2.3999
1446.0000 2.4000
1449.0000 2.4000
1452.0000 2.4000
1455.0000 2.4000
1458.0000 2.4000
1461.0000 2.4000
1464.0000 2.4000
1467.0000 2.4000
1470.0000 2.4000
1473.0000 2.4000
1476.0000 2.4000
1479.0000 2.4000
1482.0000 2.4000
1485.0000 2.4000
1488.0000 2.4000
1491.0000 2.4000
1494.0000 2.4000
1497.0000 2.4000
1500.0000 2.4000
