1.0000 1.5000
2.0000 1.5000
3.0000 1.5000
4.0000 1.6000
5.0000 1.9000
6.0000 2.0000
7.0000 2.0000
8.0000 2.0000
9.0000 2.0000
10.0000 2.0000
11.0000 2.0000
12.0000 2.0000
13.0000 2.0000
14.0000 2.0000
15.0000 2.0000
16.0000 2.0000
17.0000 2.0000
18.0000 2.0000
19.0000 2.0000
20.0000 2.0000
21.0000 2.0000
22.0000 1.9997
23.0000 1.9804
24.0000 1.9478
25.0000 1.9146
26.0000 1.8878
27.0000 1.8699
28.0000 1.8499
29.0000 1.8171
30.0000 1.7792
31.0000 1.7490
32.0000 1.7358
33.0000 1.7372
34.0000 1.7374
35.0000 1.7301
36.0000 1.7232
37.0000 1.7308
38.0000 1.7603
39.0000 1.8009
40.0000 1.8357
41.0000 1.8590
42.0000 1.8808
43.0000 1.9164
44.0000 1.9676
45.0000 2.0000
46.0000 2.0000
47.0000 2.0000
48.0000 2.0000
49.0000 2.0000
50.0000 2.0000
51.0000 2.0000
52.0000 2.0000
53.0000 2.0000
54.0000 1.9916
55.0000 1.9664
56.0000 1.9364
57.0000 1.9091
58.0000 1.8883
59.0000 1.8711
60.0000 1.8443
61.0000 1.8095
62.0000 1.7766
63.0000 1.7553
64.0000 1.7492
65.0000 1.7478
66.0000 1.7414
67.0000 1.7322
68.0000 1.7309
69.0000 1.7478
70.0000 1.7801
71.0000 1.8137
72.0000 1.8389
73.0000 1.8591
74.0000 1.8867
75.0000 1.9293
76.0000 1.9786
77.0000 2.0000
78.0000 2.0000
79.0000 2.0000
80.0000 2.0000
81.0000 2.0000
82.0000 2.0000
83.0000 2.0000
84.0000 2.0000
85.0000 1.9996
86.0000 1.9834
87.0000 1.9555
88.0000 1.9261
89.0000 1.9011
90.0000 1.8829
91.0000 1.8629
92.0000 1.8324
93.0000 1.7972
94.0000 1.7678
95.0000 1.7523
96.0000 1.7494
97.0000 1.7465
98.0000 1.7382
99.0000 1.7305
100.0000 1.5302
101.0000 1.2302
102.0000 1.0000
103.0000 1.0000
104.0000 1.0000
105.0000 1.0000
106.0000 1.0000
107.0000 1.0000
108.0000 1.0000
109.0000 1.0000
110.0000 1.0000
111.0000 1.0000
112.0000 1.0000
113.0000 1.0098
114.0000 1.0841
115.0000 1.1881
116.0000 1.2887
117.0000 1.3685
118.0000 1.4247
119.0000 1.5016
120.0000 1.6147
121.0000 1.7340
122.0000 1.8222
123.0000 1.8554
124.0000 1.8549
125.0000 1.8658
126.0000 1.8953
127.0000 1.9122
128.0000 1.8748
129.0000 1.7727
130.0000 1.6487
131.0000 1.5491
132.0000 1.4784
133.0000 1.3989
134.0000 1.2700
135.0000 1.1014
136.0000 1.0000
137.0000 1.0000
138.0000 1.0000
139.0000 1.0000
140.0000 1.0000
141.0000 1.0000
142.0000 1.0000
143.0000 1.0000
144.0000 1.0000
145.0000 1.0372
146.0000 1.1245
147.0000 1.2239
148.0000 1.3125
149.0000 1.3789
150.0000 1.4394
151.0000 1.5333
152.0000 1.6502
153.0000 1.7563
154.0000 1.8209
155.0000 1.8375
156.0000 1.8438
157.0000 1.8677
158.0000 1.8969
159.0000 1.8946
160.0000 1.8307
161.0000 1.7205
162.0000 1.6116
163.0000 1.5308
164.0000 1.4621
165.0000 1.3637
166.0000 1.2167
167.0000 1.0544
168.0000 1.0000
169.0000 1.0000
170.0000 1.0000
171.0000 1.0000
172.0000 1.0000
173.0000 1.0000
174.0000 1.0000
175.0000 1.0000
176.0000 1.0050
177.0000 1.0660
178.0000 1.1610
179.0000 1.2582
180.0000 1.3392
181.0000 1.3981
182.0000 1.4692
183.0000 1.5747
184.0000 1.6916
185.0000 1.7851
186.0000 1.8302
187.0000 1.8379
188.0000 1.8499
189.0000 1.8792
190.0000 1.9014
191.0000 1.8781
192.0000 1.7928
193.0000 1.6781
194.0000 1.5790
195.0000 1.5068
196.0000 1.4319
197.0000 1.3150
198.0000 1.1565
199.0000 1.0031
200.0000 1.0000
201.0000 1.0000
202.0000 1.0000
203.0000 1.0000
204.0000 1.0000
205.0000 1.0000
206.0000 1.0000
207.0000 1.0000
208.0000 1.0000
209.0000 1.0000
210.0000 1.0000
211.0000 1.0025
212.0000 1.0451
213.0000 1.1125
214.0000 1.1805
215.0000 1.2357
216.0000 1.2740
217.0000 1.3196
218.0000 1.3905
219.0000 1.4698
220.0000 1.5323
221.0000 1.5598
222.0000 1.5597
223.0000 1.5632
224.0000 1.5807
225.0000 1.5947
226.0000 1.5771
227.0000 1.5152
228.0000 1.4325
229.0000 1.3626
230.0000 1.3140
231.0000 1.2654
232.0000 1.1872
233.0000 1.0788
234.0000 1.0000
235.0000 1.0000
236.0000 1.0000
237.0000 1.0000
238.0000 1.0000
239.0000 1.0000
240.0000 1.0000
241.0000 1.0000
242.0000 1.0000
243.0000 1.0178
244.0000 1.0721
245.0000 1.1369
246.0000 1.1961
247.0000 1.2415
248.0000 1.2788
249.0000 1.3367
250.0000 1.4120
251.0000 1.4835
252.0000 1.5302
253.0000 1.5439
254.0000 1.5470
255.0000 1.5609
256.0000 1.5809
257.0000 1.5840
258.0000 1.5481
259.0000 1.4785
260.0000 1.4057
261.0000 1.3508
262.0000 1.3069
263.0000 1.2473
264.0000 1.1553
265.0000 1.0486
266.0000 1.0000
267.0000 1.0000
268.0000 1.0000
269.0000 1.0000
270.0000 1.0000
271.0000 1.0000
272.0000 1.0000
273.0000 1.0000
274.0000 1.0005
275.0000 1.0351
276.0000 1.0954
277.0000 1.1594
278.0000 1.2140
279.0000 1.2536
280.0000 1.2966
281.0000 1.3626
282.0000 1.4391
283.0000 1.5034
284.0000 1.5375
285.0000 1.5439
286.0000 1.5501
287.0000 1.5681
288.0000 1.5850
289.0000 1.5755
290.0000 1.5250
291.0000 1.4508
292.0000 1.3838
293.0000 1.3352
294.0000 1.2889
295.0000 1.2177
296.0000 1.1169
297.0000 1.0141
298.0000 1.0000
299.0000 1.0000
300.0000 1.2000
301.0000 1.5000
302.0000 1.7153
303.0000 1.7675
304.0000 1.7605
305.0000 1.8250
306.0000 2.0000
307.0000 2.0000
308.0000 2.0000
309.0000 2.0000
310.0000 2.0000
311.0000 2.0000
312.0000 2.0000
313.0000 2.0000
314.0000 2.0000
315.0000 1.9742
316.0000 1.8906
317.0000 1.7894
318.0000 1.6966
319.0000 1.6255
320.0000 1.5684
321.0000 1.4803
322.0000 1.3639
323.0000 1.2524
324.0000 1.1790
325.0000 1.1575
326.0000 1.1543
327.0000 1.1344
328.0000 1.1038
329.0000 1.0981
330.0000 1.1525
331.0000 1.2607
332.0000 1.3753
333.0000 1.4620
334.0000 1.5299
335.0000 1.6206
336.0000 1.7618
337.0000 1.9277
338.0000 2.0000
339.0000 2.0000
340.0000 2.0000
341.0000 2.0000
342.0000 2.0000
343.0000 2.0000
344.0000 2.0000
345.0000 2.0000
346.0000 1.9994
347.0000 1.9464
348.0000 1.8535
349.0000 1.7550
350.0000 1.6708
351.0000 1.6097
352.0000 1.5437
353.0000 1.4422
354.0000 1.3243
355.0000 1.2251
356.0000 1.1723
357.0000 1.1624
358.0000 1.1532
359.0000 1.1254
360.0000 1.0994
361.0000 1.1136
362.0000 1.1913
363.0000 1.3055
364.0000 1.4089
365.0000 1.4838
366.0000 1.5550
367.0000 1.6643
368.0000 1.8195
369.0000 1.9779
370.0000 2.0000
371.0000 2.0000
372.0000 2.0000
373.0000 2.0000
374.0000 2.0000
375.0000 2.0000
376.0000 2.0000
377.0000 2.0000
378.0000 1.9873
379.0000 1.9151
380.0000 1.8172
381.0000 1.7223
382.0000 1.6461
383.0000 1.5895
384.0000 1.5107
385.0000 1.3997
386.0000 1.2848
387.0000 1.2001
388.0000 1.1663
389.0000 1.1611
390.0000 1.1450
391.0000 1.1141
392.0000 1.0983
393.0000 1.1352
394.0000 1.2313
395.0000 1.3460
396.0000 1.4386
397.0000 1.5077
398.0000 1.5887
399.0000 1.7167
400.0000 1.9693
401.0000 2.0000
402.0000 2.0000
403.0000 2.0000
404.0000 2.0000
405.0000 2.0000
406.0000 2.0000
407.0000 2.0000
408.0000 2.0000
409.0000 2.0000
410.0000 2.0000
411.0000 2.0000
412.0000 2.0000
413.0000 1.9876
414.0000 1.9329
415.0000 1.8631
416.0000 1.7985
417.0000 1.7491
418.0000 1.7129
419.0000 1.6582
420.0000 1.5816
421.0000 1.5053
422.0000 1.4535
423.0000 1.4386
424.0000 1.4406
425.0000 1.4318
426.0000 1.4126
427.0000 1.4065
428.0000 1.4397
429.0000 1.5129
430.0000 1.5943
431.0000 1.6562
432.0000 1.7012
433.0000 1.7575
434.0000 1.8482
435.0000 1.9602
436.0000 2.0000
437.0000 2.0000
438.0000 2.0000
439.0000 2.0000
440.0000 2.0000
441.0000 2.0000
442.0000 2.0000
443.0000 2.0000
444.0000 2.0000
445.0000 1.9660
446.0000 1.9057
447.0000 1.8414
448.0000 1.7863
449.0000 1.7465
450.0000 1.7040
451.0000 1.6383
452.0000 1.5616
453.0000 1.4966
454.0000 1.4618
455.0000 1.4554
456.0000 1.4497
457.0000 1.4319
458.0000 1.4147
459.0000 1.4233
460.0000 1.4735
461.0000 1.5479
462.0000 1.6156
463.0000 1.6645
464.0000 1.7105
465.0000 1.7810
466.0000 1.8818
467.0000 1.9852
468.0000 2.0000
469.0000 2.0000
470.0000 2.0000
471.0000 2.0000
472.0000 2.0000
473.0000 2.0000
474.0000 2.0000
475.0000 2.0000
476.0000 1.9922
477.0000 1.9456
478.0000 1.8820
479.0000 1.8203
480.0000 1.7706
481.0000 1.7338
482.0000 1.6829
483.0000 1.6109
484.0000 0.0000
485.0000 0.0000
486.0000 0.0000
487.0000 0.0000
488.0000 0.0000
489.0000 0.0000
490.0000 0.0000
491.0000 0.0000
492.0000 0.0000
493.0000 0.0000
494.0000 0.0000
495.0000 0.0000
496.0000 0.0000
497.0000 0.0000
498.0000 0.0000
499.0000 0.0000
500.0000 0.0000
