1.0000 2.5000
2.0000 2.5000
3.0000 2.5000
4.0000 2.5000
5.0000 2.5000
6.0000 2.5000
7.0000 2.5000
8.0000 2.5000
9.0000 2.5000
10.0000 2.5000
11.0000 2.5000
12.0000 2.5000
13.0000 2.5000
14.0000 2.5000
15.0000 2.5000
16.0000 2.5000
17.0000 2.5000
18.0000 2.5000
19.0000 2.5000
20.0000 2.5000
21.0000 2.5000
22.0000 2.5000
23.0000 2.5000
24.0000 2.5000
25.0000 2.5000
26.0000 2.5000
27.0000 2.5000
28.0000 2.5000
29.0000 2.5000
30.0000 2.5000
31.0000 2.5000
32.0000 2.5000
33.0000 2.5000
34.0000 2.5000
35.0000 2.5000
36.0000 2.5000
37.0000 2.5000
38.0000 2.5000
39.0000 2.5000
40.0000 2.5000
41.0000 2.5000
42.0000 2.5000
43.0000 2.5000
44.0000 2.5000
45.0000 2.5000
46.0000 2.5000
47.0000 2.5000
48.0000 2.5000
49.0000 2.5000
50.0000 2.5000
51.0000 2.5000
52.0000 2.5000
53.0000 2.5000
54.0000 2.5000
55.0000 2.5000
56.0000 2.5000
57.0000 2.5000
58.0000 2.5000
59.0000 2.5000
60.0000 2.5000
61.0000 2.5000
62.0000 2.5000
63.0000 2.5000
64.0000 2.5000
65.0000 2.5000
66.0000 2.5000
67.0000 2.5000
68.0000 2.5000
69.0000 2.5000
70.0000 2.5000
71.0000 2.5000
72.0000 2.5000
73.0000 2.5000
74.0000 2.5000
75.0000 2.5000
76.0000 2.5000
77.0000 2.5000
78.0000 2.5000
79.0000 2.5000
80.0000 2.5000
81.0000 2.5000
82.0000 2.5000
83.0000 2.5000
84.0000 2.5000
85.0000 2.5000
86.0000 2.5000
87.0000 2.5000
88.0000 2.5000
89.0000 2.5000
90.0000 2.5000
91.0000 2.5000
92.0000 2.5000
93.0000 2.5000
94.0000 2.5000
95.0000 2.5000
96.0000 2.5000
97.0000 2.5000
98.0000 2.5000
99.0000 2.5000
100.0000 2.1000
101.0000 2.1000
102.0000 2.1000
103.0000 2.1000
104.0000 2.1000
105.0000 2.1000
106.0000 2.1000
107.0000 2.1000
108.0000 2.1000
109.0000 2.1000
110.0000 2.1000
111.0000 2.1000
112.0000 2.1000
113.0000 2.1000
114.0000 2.1000
115.0000 2.1000
116.0000 2.1000
117.0000 2.1000
118.0000 2.1000
119.0000 2.1000
120.0000 2.1000
121.0000 2.1000
122.0000 2.1000
123.0000 2.1000
124.0000 2.1000
125.0000 2.1000
126.0000 2.1000
127.0000 2.1000
128.0000 2.1000
129.0000 2.1000
130.0000 2.1000
131.0000 2.1000
132.0000 2.1000
133.0000 2.1000
134.0000 2.1000
135.0000 2.1000
136.0000 2.1000
137.0000 2.1000
138.0000 2.1000
139.0000 2.1000
140.0000 2.1000
141.0000 2.1000
142.0000 2.1000
143.0000 2.1000
144.0000 2.1000
145.0000 2.1000
146.0000 2.1000
147.0000 2.1000
148.0000 2.1000
149.0000 2.1000
150.0000 2.1000
151.0000 2.1000
152.0000 2.1000
153.0000 2.1000
154.0000 2.1000
155.0000 2.1000
156.0000 2.1000
157.0000 2.1000
158.0000 2.1000
159.0000 2.1000
160.0000 2.1000
161.0000 2.1000
162.0000 2.1000
163.0000 2.1000
164.0000 2.1000
165.0000 2.1000
166.0000 2.1000
167.0000 2.1000
168.0000 2.1000
169.0000 2.1000
170.0000 2.1000
171.0000 2.1000
172.0000 2.1000
173.0000 2.1000
174.0000 2.1000
175.0000 2.1000
176.0000 2.1000
177.0000 2.1000
178.0000 2.1000
179.0000 2.1000
180.0000 2.1000
181.0000 2.1000
182.0000 2.1000
183.0000 2.1000
184.0000 2.1000
185.0000 2.1000
186.0000 2.1000
187.0000 2.1000
188.0000 2.1000
189.0000 2.1000
190.0000 2.1000
191.0000 2.1000
192.0000 2.1000
193.0000 2.1000
194.0000 2.1000
195.0000 2.1000
196.0000 2.1000
197.0000 2.1000
198.0000 2.1000
199.0000 2.1000
200.0000 2.0000
201.0000 2.0000
202.0000 2.0000
203.0000 2.0000
204.0000 2.0000
205.0000 2.0000
206.0000 2.0000
207.0000 2.0000
208.0000 2.0000
209.0000 2.0000
210.0000 2.0000
211.0000 2.0000
212.0000 2.0000
213.0000 2.0000
214.0000 2.0000
215.0000 2.0000
216.0000 2.0000
217.0000 2.0000
218.0000 2.0000
219.0000 2.0000
220.0000 2.0000
221.0000 2.0000
222.0000 2.0000
223.0000 2.0000
224.0000 2.0000
225.0000 2.0000
226.0000 2.0000
227.0000 2.0000
228.0000 2.0000
229.0000 2.0000
230.0000 2.0000
231.0000 2.0000
232.0000 2.0000
233.0000 2.0000
234.0000 2.0000
235.0000 2.0000
236.0000 2.0000
237.0000 2.0000
238.0000 2.0000
239.0000 2.0000
240.0000 2.0000
241.0000 2.0000
242.0000 2.0000
243.0000 2.0000
244.0000 2.0000
245.0000 2.0000
246.0000 2.0000
247.0000 2.0000
248.0000 2.0000
249.0000 2.0000
250.0000 2.0000
251.0000 2.0000
252.0000 2.0000
253.0000 2.0000
254.0000 2.0000
255.0000 2.0000
256.0000 2.0000
257.0000 2.0000
258.0000 2.0000
259.0000 2.0000
260.0000 2.0000
261.0000 2.0000
262.0000 2.0000
263.0000 2.0000
264.0000 2.0000
265.0000 2.0000
266.0000 2.0000
267.0000 2.0000
268.0000 2.0000
269.0000 2.0000
270.0000 2.0000
271.0000 2.0000
272.0000 2.0000
273.0000 2.0000
274.0000 2.0000
275.0000 2.0000
276.0000 2.0000
277.0000 2.0000
278.0000 2.0000
279.0000 2.0000
280.0000 2.0000
281.0000 2.0000
282.0000 2.0000
283.0000 2.0000
284.0000 2.0000
285.0000 2.0000
286.0000 2.0000
287.0000 2.0000
288.0000 2.0000
289.0000 2.0000
290.0000 2.0000
291.0000 2.0000
292.0000 2.0000
293.0000 2.0000
294.0000 2.0000
295.0000 2.0000
296.0000 2.0000
297.0000 2.0000
298.0000 2.0000
299.0000 2.0000
300.0000 2.3000
301.0000 2.3000
302.0000 2.3000
303.0000 2.3000
304.0000 2.3000
305.0000 2.3000
306.0000 2.3000
307.0000 2.3000
308.0000 2.3000
309.0000 2.3000
310.0000 2.3000
311.0000 2.3000
312.0000 2.3000
313.0000 2.3000
314.0000 2.3000
315.0000 2.3000
316.0000 2.3000
317.0000 2.3000
318.0000 2.3000
319.0000 2.3000
320.0000 2.3000
321.0000 2.3000
322.0000 2.3000
323.0000 2.3000
324.0000 2.3000
325.0000 2.3000
326.0000 2.3000
327.0000 2.3000
328.0000 2.3000
329.0000 2.3000
330.0000 2.3000
331.0000 2.3000
332.0000 2.3000
333.0000 2.3000
334.0000 2.3000
335.0000 2.3000
336.0000 2.3000
337.0000 2.3000
338.0000 2.3000
339.0000 2.3000
340.0000 2.3000
341.0000 2.3000
342.0000 2.3000
343.0000 2.3000
344.0000 2.3000
345.0000 2.3000
346.0000 2.3000
347.0000 2.3000
348.0000 2.3000
349.0000 2.3000
350.0000 2.3000
351.0000 2.3000
352.0000 2.3000
353.0000 2.3000
354.0000 2.3000
355.0000 2.3000
356.0000 2.3000
357.0000 2.3000
358.0000 2.3000
359.0000 2.3000
360.0000 2.3000
361.0000 2.3000
362.0000 2.3000
363.0000 2.3000
364.0000 2.3000
365.0000 2.3000
366.0000 2.3000
367.0000 2.3000
368.0000 2.3000
369.0000 2.3000
370.0000 2.3000
371.0000 2.3000
372.0000 2.3000
373.0000 2.3000
374.0000 2.3000
375.0000 2.3000
376.0000 2.3000
377.0000 2.3000
378.0000 2.3000
379.0000 2.3000
380.0000 2.3000
381.0000 2.3000
382.0000 2.3000
383.0000 2.3000
384.0000 2.3000
385.0000 2.3000
386.0000 2.3000
387.0000 2.3000
388.0000 2.3000
389.0000 2.3000
390.0000 2.3000
391.0000 2.3000
392.0000 2.3000
393.0000 2.3000
394.0000 2.3000
395.0000 2.3000
396.0000 2.3000
397.0000 2.3000
398.0000 2.3000
399.0000 2.3000
400.0000 2.4000
401.0000 2.4000
402.0000 2.4000
403.0000 2.4000
404.0000 2.4000
405.0000 2.4000
406.0000 2.4000
407.0000 2.4000
408.0000 2.4000
409.0000 2.4000
410.0000 2.4000
411.0000 2.4000
412.0000 2.4000
413.0000 2.4000
414.0000 2.4000
415.0000 2.4000
416.0000 2.4000
417.0000 2.4000
418.0000 2.4000
419.0000 2.4000
420.0000 2.4000
421.0000 2.4000
422.0000 2.4000
423.0000 2.4000
424.0000 2.4000
425.0000 2.4000
426.0000 2.4000
427.0000 2.4000
428.0000 2.4000
429.0000 2.4000
430.0000 2.4000
431.0000 2.4000
432.0000 2.4000
433.0000 2.4000
434.0000 2.4000
435.0000 2.4000
436.0000 2.4000
437.0000 2.4000
438.0000 2.4000
439.0000 2.4000
440.0000 2.4000
441.0000 2.4000
442.0000 2.4000
443.0000 2.4000
444.0000 2.4000
445.0000 2.4000
446.0000 2.4000
447.0000 2.4000
448.0000 2.4000
449.0000 2.4000
450.0000 2.4000
451.0000 2.4000
452.0000 2.4000
453.0000 2.4000
454.0000 2.4000
455.0000 2.4000
456.0000 2.4000
457.0000 2.4000
458.0000 2.4000
459.0000 2.4000
460.0000 2.4000
461.0000 2.4000
462.0000 2.4000
463.0000 2.4000
464.0000 2.4000
465.0000 2.4000
466.0000 2.4000
467.0000 2.4000
468.0000 2.4000
469.0000 2.4000
470.0000 2.4000
471.0000 2.4000
472.0000 2.4000
473.0000 2.4000
474.0000 2.4000
475.0000 2.4000
476.0000 2.4000
477.0000 2.4000
478.0000 2.4000
479.0000 2.4000
480.0000 2.4000
481.0000 2.4000
482.0000 2.4000
483.0000 2.4000
484.0000 0.0000
485.0000 0.0000
486.0000 0.0000
487.0000 0.0000
488.0000 0.0000
489.0000 0.0000
490.0000 0.0000
491.0000 0.0000
492.0000 0.0000
493.0000 0.0000
494.0000 0.0000
495.0000 0.0000
496.0000 0.0000
497.0000 0.0000
498.0000 0.0000
499.0000 0.0000
500.0000 0.0000
