1.0000 2.2000
2.0000 2.2000
3.0000 2.2000
4.0000 2.2000
5.0000 2.2000
6.0000 2.2000
7.0000 2.2000
8.0000 2.2022
9.0000 2.2128
10.0000 2.2322
11.0000 2.2569
12.0000 2.2844
13.0000 2.3126
14.0000 2.3405
15.0000 2.3672
16.0000 2.3923
17.0000 2.4153
18.0000 2.4363
19.0000 2.4552
20.0000 2.4721
21.0000 2.4871
22.0000 2.5003
23.0000 2.5119
24.0000 2.5221
25.0000 2.5309
26.0000 2.5386
27.0000 2.5448
28.0000 2.5490
29.0000 2.5509
30.0000 2.5505
31.0000 2.5481
32.0000 2.5440
33.0000 2.5380
34.0000 2.5300
35.0000 2.5202
36.0000 2.5091
37.0000 2.4975
38.0000 2.4860
39.0000 2.4747
40.0000 2.4638
41.0000 2.4537
42.0000 2.4452
43.0000 2.4389
44.0000 2.4353
45.0000 2.4342
46.0000 2.4355
47.0000 2.4390
48.0000 2.4453
49.0000 2.4541
50.0000 2.4643
51.0000 2.4752
52.0000 2.4860
53.0000 2.4966
54.0000 2.5066
55.0000 2.5158
56.0000 2.5243
57.0000 2.5319
58.0000 2.5386
59.0000 2.5438
60.0000 2.5471
61.0000 2.5483
62.0000 2.5475
63.0000 2.5450
64.0000 2.5407
65.0000 2.5346
66.0000 2.5266
67.0000 2.5170
68.0000 2.5064
69.0000 2.4956
70.0000 2.4847
71.0000 2.4740
72.0000 2.4637
73.0000 2.4544
74.0000 2.4469
75.0000 2.4416
76.0000 2.4386
77.0000 2.4379
78.0000 2.4394
79.0000 2.4433
80.0000 2.4499
81.0000 2.4588
82.0000 2.4690
83.0000 2.4796
84.0000 2.4902
85.0000 2.5004
86.0000 2.5100
87.0000 2.5189
88.0000 2.5271
89.0000 2.5344
90.0000 2.5405
91.0000 2.5451
92.0000 2.5476
93.0000 2.5481
94.0000 2.5467
95.0000 2.5436
96.0000 2.5387
97.0000 2.5319
98.0000 2.5232
99.0000 2.5133
100.0000 2.5026
101.0000 2.4917
102.0000 2.4810
103.0000 2.4702
104.0000 2.4557
105.0000 2.4315
106.0000 2.3957
107.0000 2.3525
108.0000 2.3058
109.0000 2.2583
110.0000 2.2120
111.0000 2.1679
112.0000 2.1269
113.0000 2.0892
114.0000 2.0550
115.0000 2.0243
116.0000 1.9970
117.0000 1.9730
118.0000 1.9538
119.0000 1.9409
120.0000 1.9352
121.0000 1.9367
122.0000 1.9444
123.0000 1.9579
124.0000 1.9776
125.0000 2.0037
126.0000 2.0357
127.0000 2.0714
128.0000 2.1086
129.0000 2.1458
130.0000 2.1824
131.0000 2.2177
132.0000 2.2503
133.0000 2.2776
134.0000 2.2974
135.0000 2.3089
136.0000 2.3124
137.0000 2.3086
138.0000 2.2969
139.0000 2.2761
140.0000 2.2471
141.0000 2.2134
142.0000 2.1776
143.0000 2.1418
144.0000 2.1070
145.0000 2.0742
146.0000 2.0437
147.0000 2.0158
148.0000 1.9906
149.0000 1.9689
150.0000 1.9523
151.0000 1.9421
152.0000 1.9389
153.0000 1.9421
154.0000 1.9512
155.0000 1.9662
156.0000 1.9874
157.0000 2.0149
158.0000 2.0474
159.0000 2.0827
160.0000 2.1190
161.0000 2.1551
162.0000 2.1907
163.0000 2.2248
164.0000 2.2553
165.0000 2.2797
166.0000 2.2965
167.0000 2.3054
168.0000 2.3070
169.0000 2.3012
170.0000 2.2871
171.0000 2.2639
172.0000 2.2336
173.0000 2.1994
174.0000 2.1638
175.0000 2.1285
176.0000 2.0945
177.0000 2.0627
178.0000 2.0332
179.0000 2.0064
180.0000 1.9824
181.0000 1.9623
182.0000 1.9480
183.0000 1.9403
184.0000 1.9395
185.0000 1.9449
186.0000 1.9561
187.0000 1.9733
188.0000 1.9968
189.0000 2.0263
190.0000 2.0600
191.0000 2.0958
192.0000 2.1321
193.0000 2.1681
194.0000 2.2033
195.0000 2.2363
196.0000 2.2648
197.0000 2.2865
198.0000 2.3004
199.0000 2.3066
200.0000 2.3055
201.0000 2.2969
202.0000 2.2795
203.0000 2.2533
204.0000 2.2213
205.0000 2.1863
206.0000 2.1507
207.0000 2.1158
208.0000 2.0826
209.0000 2.0516
210.0000 2.0231
211.0000 1.9972
212.0000 1.9739
213.0000 1.9532
214.0000 1.9348
215.0000 1.9187
216.0000 1.9056
217.0000 1.8965
218.0000 1.8922
219.0000 1.8926
220.0000 1.8973
221.0000 1.9058
222.0000 1.9182
223.0000 1.9348
224.0000 1.9554
225.0000 1.9786
226.0000 2.0030
227.0000 2.0274
228.0000 2.0514
229.0000 2.0747
230.0000 2.0963
231.0000 2.1147
232.0000 2.1283
233.0000 2.1364
234.0000 2.1393
235.0000 2.1372
236.0000 2.1301
237.0000 2.1172
238.0000 2.0988
239.0000 2.0770
240.0000 2.0538
241.0000 2.0304
242.0000 2.0076
243.0000 1.9860
244.0000 1.9660
245.0000 1.9477
246.0000 1.9310
247.0000 1.9165
248.0000 1.9052
249.0000 1.8980
250.0000 1.8953
251.0000 1.8969
252.0000 1.9023
253.0000 1.9115
254.0000 1.9247
255.0000 1.9420
256.0000 1.9628
257.0000 1.9856
258.0000 2.0091
259.0000 2.0327
260.0000 2.0559
261.0000 2.0782
262.0000 2.0985
263.0000 2.1150
264.0000 2.1266
265.0000 2.1330
266.0000 2.1347
267.0000 2.1316
268.0000 2.1232
269.0000 2.1090
270.0000 2.0897
271.0000 2.0677
272.0000 2.0447
273.0000 2.0217
274.0000 1.9995
275.0000 1.9786
276.0000 1.9592
277.0000 1.9415
278.0000 1.9256
279.0000 1.9122
280.0000 1.9023
281.0000 1.8966
282.0000 1.8955
283.0000 1.8985
284.0000 1.9052
285.0000 1.9158
286.0000 1.9306
287.0000 1.9492
288.0000 1.9708
289.0000 1.9940
290.0000 2.0175
291.0000 2.0409
292.0000 2.0639
293.0000 2.0857
294.0000 2.1047
295.0000 2.1195
296.0000 2.1292
297.0000 2.1340
298.0000 2.1339
299.0000 2.1291
300.0000 2.1186
301.0000 2.1024
302.0000 2.0819
303.0000 2.0596
304.0000 2.0408
305.0000 2.0327
306.0000 2.0377
307.0000 2.0533
308.0000 2.0753
309.0000 2.1024
310.0000 2.1359
311.0000 2.1732
312.0000 2.2118
313.0000 2.2499
314.0000 2.2864
315.0000 2.3206
316.0000 2.3522
317.0000 2.3809
318.0000 2.4068
319.0000 2.4293
320.0000 2.4469
321.0000 2.4581
322.0000 2.4623
323.0000 2.4597
324.0000 2.4512
325.0000 2.4369
326.0000 2.4163
327.0000 2.3894
328.0000 2.3572
329.0000 2.3218
330.0000 2.2853
331.0000 2.2488
332.0000 2.2129
333.0000 2.1783
334.0000 2.1470
335.0000 2.1215
336.0000 2.1036
337.0000 2.0937
338.0000 2.0913
339.0000 2.0963
340.0000 2.1094
341.0000 2.1315
342.0000 2.1613
343.0000 2.1953
344.0000 2.2309
345.0000 2.2664
346.0000 2.3006
347.0000 2.3329
348.0000 2.3627
349.0000 2.3899
350.0000 2.4144
351.0000 2.4352
352.0000 2.4505
353.0000 2.4591
354.0000 2.4609
355.0000 2.4563
356.0000 2.4459
357.0000 2.4297
358.0000 2.4070
359.0000 2.3783
360.0000 2.3450
361.0000 2.3094
362.0000 2.2731
363.0000 2.2371
364.0000 2.2017
365.0000 2.1682
366.0000 2.1388
367.0000 2.1160
368.0000 2.1010
369.0000 2.0937
370.0000 2.0937
371.0000 2.1012
372.0000 2.1173
373.0000 2.1423
374.0000 2.1737
375.0000 2.2084
376.0000 2.2440
377.0000 2.2791
378.0000 2.3126
379.0000 2.3440
380.0000 2.3728
381.0000 2.3991
382.0000 2.4224
383.0000 2.4413
384.0000 2.4543
385.0000 2.4605
386.0000 2.4598
387.0000 2.4531
388.0000 2.4407
389.0000 2.4222
390.0000 2.3973
391.0000 2.3667
392.0000 2.3323
393.0000 2.2963
394.0000 2.2601
395.0000 2.2242
396.0000 2.1893
397.0000 2.1570
398.0000 2.1298
399.0000 2.1098
400.0000 2.0976
401.0000 2.0930
402.0000 2.0956
403.0000 2.1062
404.0000 2.1269
405.0000 2.1560
406.0000 2.1897
407.0000 2.2253
408.0000 2.2611
409.0000 2.2956
410.0000 2.3282
411.0000 2.3585
412.0000 2.3861
413.0000 2.4111
414.0000 2.4335
415.0000 2.4535
416.0000 2.4711
417.0000 2.4863
418.0000 2.4981
419.0000 2.5056
420.0000 2.5082
421.0000 2.5062
422.0000 2.5002
423.0000 2.4904
424.0000 2.4765
425.0000 2.4585
426.0000 2.4368
427.0000 2.4130
428.0000 2.3885
429.0000 2.3642
430.0000 2.3404
431.0000 2.3175
432.0000 2.2968
433.0000 2.2799
434.0000 2.2682
435.0000 2.2620
436.0000 2.2609
437.0000 2.2646
438.0000 2.2736
439.0000 2.2886
440.0000 2.3085
441.0000 2.3309
442.0000 2.3543
443.0000 2.3776
444.0000 2.4000
445.0000 2.4211
446.0000 2.4405
447.0000 2.4583
448.0000 2.4743
449.0000 2.4878
450.0000 2.4978
451.0000 2.5035
452.0000 2.5047
453.0000 2.5017
454.0000 2.4950
455.0000 2.4844
456.0000 2.4698
457.0000 2.4511
458.0000 2.4295
459.0000 2.4063
460.0000 2.3827
461.0000 2.3592
462.0000 2.3362
463.0000 2.3144
464.0000 2.2953
465.0000 2.2804
466.0000 2.2706
467.0000 2.2659
468.0000 2.2658
469.0000 2.2707
470.0000 2.2810
471.0000 2.2972
472.0000 2.3177
473.0000 2.3402
474.0000 2.3633
475.0000 2.3861
476.0000 2.4079
477.0000 2.4283
478.0000 2.4471
479.0000 2.4642
480.0000 2.4794
481.0000 2.4917
482.0000 2.5002
483.0000 2.5042
484.0000 0.0000
485.0000 0.0000
486.0000 0.0000
487.0000 0.0000
488.0000 0.0000
489.0000 0.0000
490.0000 0.0000
491.0000 0.0000
492.0000 0.0000
493.0000 0.0000
494.0000 0.0000
495.0000 0.0000
496.0000 0.0000
497.0000 0.0000
498.0000 0.0000
499.0000 0.0000
500.0000 0.0000
