3.0000 1.5000
6.0000 1.5000
9.0000 1.5000
12.0000 1.6000
15.0000 1.6000
18.0000 1.6000
21.0000 1.6000
24.0000 1.5930
27.0000 1.5756
30.0000 1.5518
33.0000 1.5247
36.0000 1.4971
39.0000 1.4721
42.0000 1.4527
45.0000 1.4412
48.0000 1.4388
51.0000 1.4458
54.0000 1.4614
57.0000 1.4839
60.0000 1.5106
63.0000 1.5384
66.0000 1.5642
69.0000 1.5849
72.0000 1.5982
75.0000 1.6026
78.0000 1.5974
81.0000 1.5834
84.0000 1.5622
87.0000 1.5361
90.0000 1.5082
93.0000 1.4818
96.0000 1.4598
99.0000 1.4448
102.0000 1.4385
105.0000 1.4417
108.0000 1.4540
111.0000 1.4740
114.0000 1.4993
117.0000 1.5271
120.0000 1.5541
123.0000 1.5773
126.0000 1.5939
129.0000 1.6020
132.0000 1.6008
135.0000 1.5902
138.0000 1.5717
141.0000 1.5472
144.0000 1.5197
147.0000 1.4922
150.0000 1.4680
153.0000 1.4499
156.0000 1.4399
159.0000 1.4392
162.0000 1.4479
165.0000 1.4649
168.0000 1.4884
171.0000 1.5156
174.0000 1.5433
177.0000 1.5685
180.0000 1.5881
183.0000 1.5998
186.0000 1.6025
189.0000 1.5957
192.0000 1.5802
195.0000 1.5578
198.0000 1.5311
201.0000 1.5032
204.0000 1.4773
207.0000 1.4564
210.0000 1.4428
213.0000 1.4382
216.0000 1.4431
219.0000 1.4570
222.0000 1.4781
225.0000 1.5042
228.0000 1.5321
231.0000 1.5587
234.0000 1.5809
237.0000 1.5961
240.0000 1.6026
243.0000 1.5997
246.0000 1.5876
249.0000 1.5677
252.0000 1.5424
255.0000 1.5146
258.0000 1.4875
261.0000 1.4641
264.0000 1.4473
267.0000 1.4389
270.0000 1.4399
273.0000 1.4502
276.0000 1.4687
279.0000 1.4931
282.0000 1.5207
285.0000 1.5482
288.0000 1.5726
291.0000 1.5909
294.0000 1.6012
297.0000 1.6021
300.0000 1.5936
303.0000 1.5767
306.0000 1.5533
309.0000 1.5261
312.0000 1.4983
315.0000 1.4730
318.0000 1.4532
321.0000 1.4412
324.0000 1.4383
327.0000 1.4449
330.0000 1.4602
333.0000 1.4825
336.0000 1.5092
339.0000 1.5371
342.0000 1.5632
345.0000 1.5844
348.0000 1.5981
351.0000 1.6030
354.0000 1.5983
357.0000 1.5846
360.0000 1.5636
363.0000 1.5375
366.0000 1.5095
369.0000 1.4828
372.0000 1.4604
375.0000 1.4450
378.0000 1.4382
381.0000 1.4410
384.0000 1.4529
387.0000 1.4726
390.0000 1.4979
393.0000 1.5257
396.0000 1.5530
399.0000 1.5765
402.0000 1.5936
405.0000 1.6022
408.0000 1.6014
411.0000 1.5913
414.0000 1.5730
417.0000 1.5486
420.0000 1.5210
423.0000 1.4934
426.0000 1.4688
429.0000 1.4503
432.0000 1.4398
435.0000 1.4386
438.0000 1.4469
441.0000 1.4637
444.0000 1.4870
447.0000 1.5142
450.0000 1.5421
453.0000 1.5676
456.0000 1.5876
459.0000 1.5998
462.0000 1.6030
465.0000 1.5966
468.0000 1.5814
471.0000 1.5592
474.0000 1.5326
477.0000 1.5045
480.0000 1.4783
483.0000 1.4569
486.0000 1.4429
489.0000 1.4379
492.0000 1.4423
495.0000 1.4558
498.0000 1.4768
501.0000 1.5028
504.0000 1.5308
507.0000 1.5577
510.0000 1.5802
513.0000 1.5959
516.0000 1.6029
519.0000 1.6004
522.0000 1.5887
525.0000 1.5691
528.0000 1.5439
531.0000 1.5160
534.0000 1.4886
537.0000 1.4649
540.0000 1.4476
543.0000 1.4387
546.0000 1.4393
549.0000 1.4492
552.0000 1.4674
555.0000 1.4916
558.0000 1.5193
561.0000 1.5470
564.0000 1.5717
567.0000 1.5905
570.0000 1.6013
573.0000 1.6027
576.0000 1.5946
579.0000 1.5780
582.0000 1.5547
585.0000 1.5275
588.0000 1.4995
591.0000 1.4739
594.0000 1.4537
597.0000 1.4412
600.0000 1.4378
603.0000 1.4440
606.0000 1.4590
609.0000 1.4811
612.0000 1.5077
615.0000 1.5359
618.0000 1.5622
621.0000 1.5838
624.0000 1.5980
627.0000 1.6033
630.0000 1.5991
633.0000 1.5858
636.0000 1.5649
639.0000 1.5390
642.0000 1.5109
645.0000 1.4839
648.0000 1.4611
651.0000 1.4452
654.0000 1.4380
657.0000 1.4402
660.0000 1.4518
663.0000 1.4713
666.0000 1.4964
669.0000 1.5244
672.0000 1.5519
675.0000 1.5757
678.0000 1.5933
681.0000 1.6024
684.0000 1.6021
687.0000 1.5923
690.0000 1.5743
693.0000 1.5501
696.0000 1.5224
699.0000 1.4946
702.0000 1.4697
705.0000 1.4507
708.0000 1.4397
711.0000 1.4381
714.0000 1.4459
717.0000 1.4624
720.0000 1.4856
723.0000 1.5128
726.0000 1.5409
729.0000 1.5666
732.0000 1.5871
735.0000 1.5998
738.0000 1.6034
741.0000 1.5975
744.0000 1.5826
747.0000 1.5606
750.0000 1.5340
753.0000 1.5058
756.0000 1.4793
759.0000 1.4575
762.0000 1.4431
765.0000 1.4375
768.0000 1.4415
771.0000 1.4546
774.0000 1.4754
777.0000 1.5013
780.0000 1.5295
783.0000 1.5566
786.0000 1.5796
789.0000 1.5957
792.0000 1.6032
795.0000 1.6011
798.0000 1.5898
801.0000 1.5704
804.0000 1.5453
807.0000 1.5173
810.0000 1.4897
813.0000 1.4657
816.0000 1.4479
819.0000 1.4386
822.0000 1.4386
825.0000 1.4482
828.0000 1.4660
831.0000 1.4902
834.0000 1.5179
837.0000 1.5458
840.0000 1.5709
843.0000 1.5901
846.0000 1.6013
849.0000 1.6032
852.0000 1.5956
855.0000 1.5792
858.0000 1.5562
861.0000 1.5289
864.0000 1.5008
867.0000 1.4749
870.0000 1.4542
873.0000 1.4412
876.0000 1.4374
879.0000 1.4431
882.0000 1.4578
885.0000 1.4797
888.0000 1.5063
891.0000 1.5346
894.0000 1.5612
897.0000 1.5832
900.0000 1.5979
903.0000 1.6037
906.0000 1.5999
909.0000 1.5869
912.0000 1.5663
915.0000 1.5404
918.0000 1.5122
921.0000 1.4850
924.0000 1.4618
927.0000 1.4454
930.0000 1.4377
933.0000 1.4395
936.0000 1.4507
939.0000 1.4699
942.0000 1.4950
945.0000 1.5230
948.0000 1.5507
951.0000 1.5750
954.0000 1.5929
957.0000 1.6025
960.0000 1.6027
963.0000 1.5933
966.0000 1.5756
969.0000 1.5515
972.0000 1.5238
975.0000 1.4958
978.0000 1.4706
981.0000 1.4511
984.0000 1.4397
987.0000 1.4375
990.0000 1.4450
993.0000 1.4611
996.0000 1.4841
999.0000 1.5113
1002.0000 1.5396
1005.0000 1.5657
1008.0000 1.5865
1011.0000 1.5998
1014.0000 1.6039
1017.0000 1.5983
1020.0000 1.5838
1023.0000 1.5620
1026.0000 1.5354
1029.0000 1.5071
1032.0000 1.4803
1035.0000 1.4582
1038.0000 1.4432
1041.0000 1.4372
1044.0000 1.4407
1047.0000 1.4535
1050.0000 1.4740
1053.0000 1.4999
1056.0000 1.5281
1059.0000 1.5555
1062.0000 1.5788
1065.0000 1.5955
1068.0000 1.6034
1071.0000 1.6018
1074.0000 1.5909
1077.0000 1.5718
1080.0000 1.5468
1083.0000 1.5187
1086.0000 1.4909
1089.0000 1.4665
1092.0000 1.4483
1095.0000 1.4384
1098.0000 1.4380
1101.0000 1.4472
1104.0000 1.4647
1107.0000 1.4888
1110.0000 1.5165
1113.0000 1.5446
1116.0000 1.5700
1119.0000 1.5897
1122.0000 1.6014
1125.0000 1.6037
1128.0000 1.5965
1131.0000 1.5805
1134.0000 1.5576
1137.0000 1.5304
1140.0000 1.5020
1143.0000 1.4758
1146.0000 1.4548
1149.0000 1.4413
1152.0000 1.4369
1155.0000 1.4422
1158.0000 1.4566
1161.0000 1.4783
1164.0000 1.5049
1167.0000 1.5332
1170.0000 1.5602
1173.0000 1.5825
1176.0000 1.5977
1179.0000 1.6040
1182.0000 1.6007
1185.0000 1.5881
1188.0000 1.5677
1191.0000 1.5419
1194.0000 1.5136
1197.0000 1.4861
1200.0000 1.4625
1203.0000 1.4457
1206.0000 1.4375
1209.0000 1.4388
1212.0000 1.4496
1215.0000 1.4686
1218.0000 1.4935
1221.0000 1.5216
1224.0000 1.5495
1227.0000 1.5741
1230.0000 1.5926
1233.0000 1.6027
1236.0000 1.6033
1239.0000 1.5944
1242.0000 1.5769
1245.0000 1.5530
1248.0000 1.5253
1251.0000 1.4970
1254.0000 1.4715
1257.0000 1.4516
1260.0000 1.4396
1263.0000 1.4370
1266.0000 1.4440
1269.0000 1.4599
1272.0000 1.4827
1275.0000 1.5099
1278.0000 1.5383
1281.0000 1.5647
1284.0000 1.5860
1287.0000 1.5997
1290.0000 1.6043
1293.0000 1.5992
1296.0000 1.5850
1299.0000 1.5634
1302.0000 1.5369
1305.0000 1.5084
1308.0000 1.4814
1311.0000 1.4588
1314.0000 1.4434
1317.0000 1.4368
1320.0000 1.4400
1323.0000 1.4524
1326.0000 1.4726
1329.0000 1.4984
1332.0000 1.5268
1335.0000 1.5544
1338.0000 1.5781
1341.0000 1.5952
1344.0000 1.6036
1347.0000 1.6025
1350.0000 1.5919
1353.0000 1.5731
1356.0000 1.5482
1359.0000 1.5201
1362.0000 1.4921
1365.0000 1.4673
1368.0000 1.4486
1371.0000 1.4383
1374.0000 1.4374
1377.0000 1.4461
1380.0000 1.4634
1383.0000 1.4873
1386.0000 1.5150
1389.0000 1.5434
1392.0000 1.5691
1395.0000 1.5892
1398.0000 1.6014
1401.0000 1.6042
1404.0000 1.5974
1407.0000 1.5818
1410.0000 1.5590
1413.0000 1.5318
1416.0000 1.5033
1419.0000 1.4768
1422.0000 1.4553
1425.0000 1.4414
1428.0000 1.4365
1431.0000 1.4414
1434.0000 1.4554
1437.0000 1.4769
1440.0000 1.5034
1443.0000 1.5319
1446.0000 1.5591
1449.0000 1.5819
1452.0000 1.5975
1455.0000 1.6043
1458.0000 1.6014
1461.0000 1.5892
1464.0000 1.5691
1467.0000 1.5433
1470.0000 1.5149
1473.0000 1.4872
1476.0000 1.4633
1479.0000 1.4460
1482.0000 1.4373
1485.0000 1.4382
1488.0000 1.4485
1491.0000 1.4672
1494.0000 1.4921
1497.0000 1.5202
1500.0000 1.5484
