3.0000 2.2000
6.0000 2.2000
9.0000 2.2000
12.0000 2.2000
15.0000 2.2000
18.0000 2.2000
21.0000 2.2000
24.0000 2.2014
27.0000 2.2049
30.0000 2.2096
33.0000 2.2150
36.0000 2.2205
39.0000 2.2254
42.0000 2.2293
45.0000 2.2316
48.0000 2.2321
51.0000 2.2307
54.0000 2.2275
57.0000 2.2231
60.0000 2.2178
63.0000 2.2122
66.0000 2.2071
69.0000 2.2030
72.0000 2.2004
75.0000 2.1995
78.0000 2.2005
81.0000 2.2033
84.0000 2.2075
87.0000 2.2127
90.0000 2.2182
93.0000 2.2235
96.0000 2.2279
99.0000 2.2309
102.0000 2.2321
105.0000 2.2315
108.0000 2.2290
111.0000 2.2251
114.0000 2.2200
117.0000 2.2145
120.0000 2.2091
123.0000 2.2045
126.0000 2.2012
129.0000 2.1996
132.0000 2.1999
135.0000 2.2019
138.0000 2.2056
141.0000 2.2105
144.0000 2.2160
147.0000 2.2214
150.0000 2.2262
153.0000 2.2298
156.0000 2.2318
159.0000 2.2320
162.0000 2.2302
165.0000 2.2269
168.0000 2.2222
171.0000 2.2168
174.0000 2.2113
177.0000 2.2063
180.0000 2.2024
183.0000 2.2000
186.0000 2.1995
189.0000 2.2009
192.0000 2.2039
195.0000 2.2084
198.0000 2.2137
201.0000 2.2192
204.0000 2.2244
207.0000 2.2286
210.0000 2.2312
213.0000 2.2322
216.0000 2.2312
219.0000 2.2284
222.0000 2.2242
225.0000 2.2190
228.0000 2.2135
231.0000 2.2082
234.0000 2.2038
237.0000 2.2008
240.0000 2.1995
243.0000 2.2001
246.0000 2.2025
249.0000 2.2064
252.0000 2.2114
255.0000 2.2170
258.0000 2.2224
261.0000 2.2270
264.0000 2.2304
267.0000 2.2320
270.0000 2.2318
273.0000 2.2298
276.0000 2.2261
279.0000 2.2213
282.0000 2.2158
285.0000 2.2103
288.0000 2.2055
291.0000 2.2018
294.0000 2.1998
297.0000 2.1996
300.0000 2.2013
303.0000 2.2046
306.0000 2.2093
309.0000 2.2147
312.0000 2.2202
315.0000 2.2252
318.0000 2.2292
321.0000 2.2316
324.0000 2.2322
327.0000 2.2308
330.0000 2.2278
333.0000 2.2234
336.0000 2.2181
339.0000 2.2125
342.0000 2.2073
345.0000 2.2031
348.0000 2.2004
351.0000 2.1994
354.0000 2.2003
357.0000 2.2031
360.0000 2.2072
363.0000 2.2124
366.0000 2.2180
369.0000 2.2233
372.0000 2.2277
375.0000 2.2308
378.0000 2.2322
381.0000 2.2316
384.0000 2.2292
387.0000 2.2253
390.0000 2.2203
393.0000 2.2148
396.0000 2.2093
399.0000 2.2047
402.0000 2.2013
405.0000 2.1996
408.0000 2.1997
411.0000 2.2017
414.0000 2.2054
417.0000 2.2102
420.0000 2.2157
423.0000 2.2212
426.0000 2.2261
429.0000 2.2298
432.0000 2.2319
435.0000 2.2321
438.0000 2.2304
441.0000 2.2271
444.0000 2.2225
447.0000 2.2171
450.0000 2.2115
453.0000 2.2064
456.0000 2.2025
459.0000 2.2000
462.0000 2.1994
465.0000 2.2007
468.0000 2.2037
471.0000 2.2081
474.0000 2.2134
477.0000 2.2190
480.0000 2.2242
483.0000 2.2284
486.0000 2.2312
489.0000 2.2322
492.0000 2.2313
495.0000 2.2287
498.0000 2.2245
501.0000 2.2193
504.0000 2.2138
507.0000 2.2084
510.0000 2.2039
513.0000 2.2008
516.0000 2.1994
519.0000 2.1999
522.0000 2.2023
525.0000 2.2061
528.0000 2.2112
531.0000 2.2167
534.0000 2.2222
537.0000 2.2269
540.0000 2.2303
543.0000 2.2321
546.0000 2.2320
549.0000 2.2300
552.0000 2.2264
555.0000 2.2215
558.0000 2.2161
561.0000 2.2105
564.0000 2.2056
567.0000 2.2019
570.0000 2.1997
573.0000 2.1995
576.0000 2.2011
579.0000 2.2044
582.0000 2.2090
585.0000 2.2144
588.0000 2.2200
591.0000 2.2251
594.0000 2.2291
597.0000 2.2316
600.0000 2.2322
603.0000 2.2310
606.0000 2.2280
609.0000 2.2236
612.0000 2.2183
615.0000 2.2128
618.0000 2.2075
621.0000 2.2032
624.0000 2.2004
627.0000 2.1993
630.0000 2.2002
633.0000 2.2028
636.0000 2.2070
639.0000 2.2121
642.0000 2.2177
645.0000 2.2231
648.0000 2.2276
651.0000 2.2308
654.0000 2.2322
657.0000 2.2318
660.0000 2.2295
663.0000 2.2256
666.0000 2.2206
669.0000 2.2150
672.0000 2.2096
675.0000 2.2048
678.0000 2.2013
681.0000 2.1995
684.0000 2.1996
687.0000 2.2015
690.0000 2.2051
693.0000 2.2099
696.0000 2.2154
699.0000 2.2210
702.0000 2.2259
705.0000 2.2297
708.0000 2.2319
711.0000 2.2322
714.0000 2.2306
717.0000 2.2274
720.0000 2.2227
723.0000 2.2173
726.0000 2.2118
729.0000 2.2066
732.0000 2.2026
735.0000 2.2000
738.0000 2.1993
741.0000 2.2005
744.0000 2.2035
747.0000 2.2078
750.0000 2.2131
753.0000 2.2187
756.0000 2.2240
759.0000 2.2283
762.0000 2.2312
765.0000 2.2323
768.0000 2.2315
771.0000 2.2289
774.0000 2.2248
777.0000 2.2196
780.0000 2.2140
783.0000 2.2086
786.0000 2.2041
789.0000 2.2009
792.0000 2.1994
795.0000 2.1998
798.0000 2.2020
801.0000 2.2059
804.0000 2.2109
807.0000 2.2164
810.0000 2.2219
813.0000 2.2267
816.0000 2.2302
819.0000 2.2321
822.0000 2.2321
825.0000 2.2302
828.0000 2.2266
831.0000 2.2218
834.0000 2.2163
837.0000 2.2108
840.0000 2.2058
843.0000 2.2020
846.0000 2.1997
849.0000 2.1994
852.0000 2.2009
855.0000 2.2041
858.0000 2.2087
861.0000 2.2141
864.0000 2.2197
867.0000 2.2249
870.0000 2.2290
873.0000 2.2316
876.0000 2.2323
879.0000 2.2312
882.0000 2.2283
885.0000 2.2239
888.0000 2.2186
891.0000 2.2130
894.0000 2.2077
897.0000 2.2033
900.0000 2.2004
903.0000 2.1993
906.0000 2.2000
909.0000 2.2026
912.0000 2.2067
915.0000 2.2118
918.0000 2.2175
921.0000 2.2229
924.0000 2.2275
927.0000 2.2307
930.0000 2.2323
933.0000 2.2319
936.0000 2.2297
939.0000 2.2259
942.0000 2.2209
945.0000 2.2153
948.0000 2.2098
951.0000 2.2050
954.0000 2.2014
957.0000 2.1995
960.0000 2.1995
963.0000 2.2013
966.0000 2.2048
969.0000 2.2096
972.0000 2.2151
975.0000 2.2207
978.0000 2.2257
981.0000 2.2296
984.0000 2.2319
987.0000 2.2323
990.0000 2.2308
993.0000 2.2276
996.0000 2.2230
999.0000 2.2176
1002.0000 2.2120
1005.0000 2.2068
1008.0000 2.2027
1011.0000 2.2000
1014.0000 2.1992
1017.0000 2.2003
1020.0000 2.2032
1023.0000 2.2075
1026.0000 2.2128
1029.0000 2.2185
1032.0000 2.2238
1035.0000 2.2282
1038.0000 2.2312
1041.0000 2.2324
1044.0000 2.2317
1047.0000 2.2291
1050.0000 2.2251
1053.0000 2.2199
1056.0000 2.2143
1059.0000 2.2088
1062.0000 2.2042
1065.0000 2.2009
1068.0000 2.1993
1071.0000 2.1996
1074.0000 2.2018
1077.0000 2.2056
1080.0000 2.2106
1083.0000 2.2162
1086.0000 2.2217
1089.0000 2.2265
1092.0000 2.2302
1095.0000 2.2321
1098.0000 2.2322
1101.0000 2.2304
1104.0000 2.2269
1107.0000 2.2221
1110.0000 2.2166
1113.0000 2.2110
1116.0000 2.2060
1119.0000 2.2021
1122.0000 2.1997
1125.0000 2.1993
1128.0000 2.2007
1131.0000 2.2039
1134.0000 2.2084
1137.0000 2.2138
1140.0000 2.2195
1143.0000 2.2247
1146.0000 2.2289
1149.0000 2.2316
1152.0000 2.2324
1155.0000 2.2314
1158.0000 2.2285
1161.0000 2.2242
1164.0000 2.2189
1167.0000 2.2133
1170.0000 2.2079
1173.0000 2.2035
1176.0000 2.2005
1179.0000 2.1992
1182.0000 2.1999
1185.0000 2.2024
1188.0000 2.2064
1191.0000 2.2116
1194.0000 2.2172
1197.0000 2.2227
1200.0000 2.2273
1203.0000 2.2307
1206.0000 2.2323
1209.0000 2.2320
1212.0000 2.2299
1215.0000 2.2261
1218.0000 2.2212
1221.0000 2.2156
1224.0000 2.2100
1227.0000 2.2051
1230.0000 2.2015
1233.0000 2.1995
1236.0000 2.1993
1239.0000 2.2011
1242.0000 2.2046
1245.0000 2.2094
1248.0000 2.2149
1251.0000 2.2205
1254.0000 2.2256
1257.0000 2.2295
1260.0000 2.2319
1263.0000 2.2324
1266.0000 2.2310
1269.0000 2.2279
1272.0000 2.2233
1275.0000 2.2179
1278.0000 2.2123
1281.0000 2.2070
1284.0000 2.2028
1287.0000 2.2001
1290.0000 2.1991
1293.0000 2.2002
1296.0000 2.2030
1299.0000 2.2073
1302.0000 2.2125
1305.0000 2.2182
1308.0000 2.2236
1311.0000 2.2281
1314.0000 2.2311
1317.0000 2.2324
1320.0000 2.2318
1323.0000 2.2294
1326.0000 2.2253
1329.0000 2.2202
1332.0000 2.2146
1335.0000 2.2091
1338.0000 2.2044
1341.0000 2.2010
1344.0000 2.1993
1347.0000 2.1995
1350.0000 2.2016
1353.0000 2.2053
1356.0000 2.2103
1359.0000 2.2159
1362.0000 2.2215
1365.0000 2.2264
1368.0000 2.2301
1371.0000 2.2321
1374.0000 2.2323
1377.0000 2.2306
1380.0000 2.2271
1383.0000 2.2224
1386.0000 2.2169
1389.0000 2.2113
1392.0000 2.2061
1395.0000 2.2021
1398.0000 2.1997
1401.0000 2.1992
1404.0000 2.2005
1407.0000 2.2036
1410.0000 2.2081
1413.0000 2.2136
1416.0000 2.2192
1419.0000 2.2245
1422.0000 2.2288
1425.0000 2.2315
1428.0000 2.2325
1431.0000 2.2315
1434.0000 2.2288
1437.0000 2.2245
1440.0000 2.2192
1443.0000 2.2135
1446.0000 2.2081
1449.0000 2.2036
1452.0000 2.2005
1455.0000 2.1991
1458.0000 2.1997
1461.0000 2.2021
1464.0000 2.2061
1467.0000 2.2113
1470.0000 2.2169
1473.0000 2.2224
1476.0000 2.2272
1479.0000 2.2306
1482.0000 2.2324
1485.0000 2.2322
1488.0000 2.2301
1491.0000 2.2264
1494.0000 2.2215
1497.0000 2.2159
1500.0000 2.2103
