3.0000 1.5000
6.0000 1.5000
9.0000 1.5000
12.0000 1.6000
15.0000 1.5114
18.0000 1.5286
21.0000 1.5457
24.0000 1.5512
27.0000 1.5652
30.0000 1.5736
33.0000 1.5788
36.0000 1.5824
39.0000 1.5834
42.0000 1.5839
45.0000 1.5846
48.0000 1.5861
51.0000 1.5888
54.0000 1.5925
57.0000 1.5968
60.0000 1.6012
63.0000 1.6051
66.0000 1.6083
69.0000 1.6106
72.0000 1.6121
75.0000 1.6131
78.0000 1.6138
81.0000 1.6145
84.0000 1.6153
87.0000 1.6164
90.0000 1.6178
93.0000 1.6192
96.0000 1.6206
99.0000 1.6219
102.0000 1.6229
105.0000 1.6237
108.0000 1.6243
111.0000 1.6247
114.0000 1.6250
117.0000 1.6253
120.0000 1.6256
123.0000 1.6260
126.0000 1.6264
129.0000 1.6269
132.0000 1.6273
135.0000 1.6277
138.0000 1.6280
141.0000 1.6282
144.0000 1.6284
147.0000 1.6285
150.0000 1.6286
153.0000 1.6287
156.0000 1.6288
159.0000 1.6289
162.0000 1.6290
165.0000 1.6291
168.0000 1.6292
171.0000 1.6293
174.0000 1.6294
177.0000 1.6295
180.0000 1.6295
183.0000 1.6296
186.0000 1.6296
189.0000 1.6296
192.0000 1.6296
195.0000 1.6296
198.0000 1.6297
201.0000 1.6297
204.0000 1.6297
207.0000 1.6297
210.0000 1.6297
213.0000 1.6298
216.0000 1.6298
219.0000 1.6298
222.0000 1.6298
225.0000 1.6298
228.0000 1.6298
231.0000 1.6298
234.0000 1.6298
237.0000 1.6298
240.0000 1.6298
243.0000 1.6298
246.0000 1.6298
249.0000 1.6298
252.0000 1.6298
255.0000 1.6298
258.0000 1.6298
261.0000 1.6298
264.0000 1.6298
267.0000 1.6298
270.0000 1.6298
273.0000 1.6298
276.0000 1.6298
279.0000 1.6298
282.0000 1.6298
285.0000 1.6298
288.0000 1.6298
291.0000 1.6298
294.0000 1.6298
297.0000 1.6298
300.0000 1.6298
303.0000 1.6298
306.0000 1.6298
309.0000 1.6298
312.0000 1.6298
315.0000 1.6298
318.0000 1.6298
321.0000 1.6297
324.0000 1.6297
327.0000 1.6297
330.0000 1.6297
333.0000 1.6297
336.0000 1.6297
339.0000 1.6297
342.0000 1.6297
345.0000 1.6297
348.0000 1.6297
351.0000 1.6297
354.0000 1.6297
357.0000 1.6297
360.0000 1.6297
363.0000 1.6297
366.0000 1.6297
369.0000 1.6297
372.0000 1.6297
375.0000 1.6297
378.0000 1.6297
381.0000 1.6297
384.0000 1.6297
387.0000 1.6297
390.0000 1.6297
393.0000 1.6297
396.0000 1.6297
399.0000 1.6297
402.0000 1.6297
405.0000 1.6297
408.0000 1.6297
411.0000 1.6297
414.0000 1.6297
417.0000 1.6297
420.0000 1.6297
423.0000 1.6297
426.0000 1.6297
429.0000 1.6297
432.0000 1.6297
435.0000 1.6297
438.0000 1.6297
441.0000 1.6297
444.0000 1.6297
447.0000 1.6297
450.0000 1.6297
453.0000 1.6297
456.0000 1.6297
459.0000 1.6297
462.0000 1.6297
465.0000 1.6297
468.0000 1.6297
471.0000 1.6297
474.0000 1.6297
477.0000 1.6297
480.0000 1.6297
483.0000 1.6297
486.0000 1.6297
489.0000 1.6297
492.0000 1.6297
495.0000 1.6297
498.0000 1.6297
501.0000 1.6297
504.0000 1.6297
507.0000 1.6297
510.0000 1.6297
513.0000 1.6297
516.0000 1.6297
519.0000 1.6297
522.0000 1.6297
525.0000 1.6297
528.0000 1.6297
531.0000 1.6297
534.0000 1.6297
537.0000 1.6297
540.0000 1.6297
543.0000 1.6297
546.0000 1.6297
549.0000 1.6297
552.0000 1.6297
555.0000 1.6297
558.0000 1.6297
561.0000 1.6297
564.0000 1.6297
567.0000 1.6297
570.0000 1.6297
573.0000 1.6297
576.0000 1.6297
579.0000 1.6297
582.0000 1.6297
585.0000 1.6297
588.0000 1.6297
591.0000 1.6297
594.0000 1.6297
597.0000 1.6297
600.0000 1.6297
603.0000 1.6297
606.0000 1.6297
609.0000 1.6297
612.0000 1.6297
615.0000 1.6297
618.0000 1.6297
621.0000 1.6297
624.0000 1.6297
627.0000 1.6297
630.0000 1.6297
633.0000 1.6297
636.0000 1.6297
639.0000 1.6297
642.0000 1.6297
645.0000 1.6297
648.0000 1.6297
651.0000 1.6297
654.0000 1.6297
657.0000 1.6297
660.0000 1.6297
663.0000 1.6297
666.0000 1.6297
669.0000 1.6297
672.0000 1.6297
675.0000 1.6297
678.0000 1.6297
681.0000 1.6297
684.0000 1.6297
687.0000 1.6297
690.0000 1.6297
693.0000 1.6297
696.0000 1.6297
699.0000 1.6297
702.0000 1.6297
705.0000 1.6297
708.0000 1.6297
711.0000 1.6297
714.0000 1.6297
717.0000 1.6297
720.0000 1.6297
723.0000 1.6297
726.0000 1.6297
729.0000 1.6297
732.0000 1.6297
735.0000 1.6297
738.0000 1.6297
741.0000 1.6297
744.0000 1.6297
747.0000 1.6297
750.0000 1.6297
753.0000 1.6297
756.0000 1.6297
759.0000 1.6297
762.0000 1.6297
765.0000 1.6297
768.0000 1.6297
771.0000 1.6297
774.0000 1.6297
777.0000 1.6297
780.0000 1.6297
783.0000 1.6297
786.0000 1.6297
789.0000 1.6297
792.0000 1.6297
795.0000 1.6297
798.0000 1.6297
801.0000 1.6297
804.0000 1.6297
807.0000 1.6297
810.0000 1.6297
813.0000 1.6297
816.0000 1.6297
819.0000 1.6297
822.0000 1.6297
825.0000 1.6297
828.0000 1.6297
831.0000 1.6297
834.0000 1.6297
837.0000 1.6297
840.0000 1.6297
843.0000 1.6297
846.0000 1.6297
849.0000 1.6297
852.0000 1.6297
855.0000 1.6297
858.0000 1.6297
861.0000 1.6297
864.0000 1.6297
867.0000 1.6297
870.0000 1.6297
873.0000 1.6297
876.0000 1.6297
879.0000 1.6297
882.0000 1.6297
885.0000 1.6297
888.0000 1.6297
891.0000 1.6297
894.0000 1.6297
897.0000 1.6297
900.0000 1.6297
903.0000 1.6297
906.0000 1.6297
909.0000 1.6297
912.0000 1.6297
915.0000 1.6297
918.0000 1.6297
921.0000 1.6297
924.0000 1.6297
927.0000 1.6297
930.0000 1.6297
933.0000 1.6297
936.0000 1.6297
939.0000 1.6297
942.0000 1.6297
945.0000 1.6297
948.0000 1.6297
951.0000 1.6297
954.0000 1.6297
957.0000 1.6297
960.0000 1.6297
963.0000 1.6297
966.0000 1.6297
969.0000 1.6297
972.0000 1.6297
975.0000 1.6297
978.0000 1.6297
981.0000 1.6297
984.0000 1.6297
987.0000 1.6297
990.0000 1.6297
993.0000 1.6297
996.0000 1.6297
999.0000 1.6297
1002.0000 1.6297
1005.0000 1.6297
1008.0000 1.6297
1011.0000 1.6297
1014.0000 1.6297
1017.0000 1.6297
1020.0000 1.6297
1023.0000 1.6297
1026.0000 1.6297
1029.0000 1.6297
1032.0000 1.6297
1035.0000 1.6297
1038.0000 1.6297
1041.0000 1.6297
1044.0000 1.6297
1047.0000 1.6297
1050.0000 1.6297
1053.0000 1.6297
1056.0000 1.6297
1059.0000 1.6297
1062.0000 1.6297
1065.0000 1.6297
1068.0000 1.6297
1071.0000 1.6297
1074.0000 1.6297
1077.0000 1.6297
1080.0000 1.6297
1083.0000 1.6297
1086.0000 1.6297
1089.0000 1.6297
1092.0000 1.6297
1095.0000 1.6297
1098.0000 1.6297
1101.0000 1.6297
1104.0000 1.6297
1107.0000 1.6297
1110.0000 1.6297
1113.0000 1.6297
1116.0000 1.6297
1119.0000 1.6297
1122.0000 1.6297
1125.0000 1.6297
1128.0000 1.6297
1131.0000 1.6297
1134.0000 1.6297
1137.0000 1.6297
1140.0000 1.6297
1143.0000 1.6297
1146.0000 1.6297
1149.0000 1.6297
1152.0000 1.6297
1155.0000 1.6297
1158.0000 1.6297
1161.0000 1.6297
1164.0000 1.6297
1167.0000 1.6297
1170.0000 1.6297
1173.0000 1.6297
1176.0000 1.6297
1179.0000 1.6297
1182.0000 1.6297
1185.0000 1.6297
1188.0000 1.6297
1191.0000 1.6297
1194.0000 1.6297
1197.0000 1.6297
1200.0000 1.6297
1203.0000 1.6297
1206.0000 1.6297
1209.0000 1.6297
1212.0000 1.6297
1215.0000 1.6297
1218.0000 1.6297
1221.0000 1.6297
1224.0000 1.6297
1227.0000 1.6297
1230.0000 1.6297
1233.0000 1.6297
1236.0000 1.6297
1239.0000 1.6297
1242.0000 1.6297
1245.0000 1.6297
1248.0000 1.6297
1251.0000 1.6297
1254.0000 1.6297
1257.0000 1.6297
1260.0000 1.6297
1263.0000 1.6297
1266.0000 1.6297
1269.0000 1.6297
1272.0000 1.6297
1275.0000 1.6297
1278.0000 1.6297
1281.0000 1.6297
1284.0000 1.6297
1287.0000 1.6297
1290.0000 1.6297
1293.0000 1.6297
1296.0000 1.6297
1299.0000 1.6297
1302.0000 1.6297
1305.0000 1.6297
1308.0000 1.6297
1311.0000 1.6297
1314.0000 1.6297
1317.0000 1.6297
1320.0000 1.6297
1323.0000 1.6297
1326.0000 1.6297
1329.0000 1.6297
1332.0000 1.6297
1335.0000 1.6297
1338.0000 1.6297
1341.0000 1.6297
1344.0000 1.6297
1347.0000 1.6297
1350.0000 1.6297
1353.0000 1.6297
1356.0000 1.6297
1359.0000 1.6297
1362.0000 1.6297
1365.0000 1.6297
1368.0000 1.6297
1371.0000 1.6297
1374.0000 1.6297
1377.0000 1.6297
1380.0000 1.6297
1383.0000 1.6297
1386.0000 1.6297
1389.0000 1.6297
1392.0000 1.6297
1395.0000 1.6297
1398.0000 1.6297
1401.0000 1.6297
1404.0000 1.6297
1407.0000 1.6297
1410.0000 1.6297
1413.0000 1.6297
1416.0000 1.6297
1419.0000 1.6297
1422.0000 1.6297
1425.0000 1.6297
1428.0000 1.6297
1431.0000 1.6297
1434.0000 1.6297
1437.0000 1.6297
1440.0000 1.6297
1443.0000 1.6297
1446.0000 1.6297
1449.0000 1.6297
1452.0000 1.6297
1455.0000 1.6297
1458.0000 1.6297
1461.0000 1.6297
1464.0000 1.6297
1467.0000 1.6297
1470.0000 1.6297
1473.0000 1.6297
1476.0000 1.6297
1479.0000 1.6297
1482.0000 1.6297
1485.0000 1.6297
1488.0000 1.6297
1491.0000 1.6297
1494.0000 1.6297
1497.0000 1.6297
1500.0000 1.6297
