3.0000 2.2000
6.0000 2.2000
9.0000 2.2000
12.0000 2.2000
15.0000 2.2000
18.0000 2.2000
21.0000 2.2000
24.0000 2.2008
27.0000 2.2016
30.0000 2.2028
33.0000 2.2045
36.0000 2.2069
39.0000 2.2098
42.0000 2.2133
45.0000 2.2172
48.0000 2.2213
51.0000 2.2255
54.0000 2.2296
57.0000 2.2334
60.0000 2.2371
63.0000 2.2406
66.0000 2.2439
69.0000 2.2472
72.0000 2.2503
75.0000 2.2534
78.0000 2.2565
81.0000 2.2595
84.0000 2.2623
87.0000 2.2651
90.0000 2.2676
93.0000 2.2700
96.0000 2.2722
99.0000 2.2743
102.0000 2.2762
105.0000 2.2780
108.0000 2.2797
111.0000 2.2813
114.0000 2.2828
117.0000 2.2842
120.0000 2.2855
123.0000 2.2867
126.0000 2.2879
129.0000 2.2889
132.0000 2.2899
135.0000 2.2908
138.0000 2.2916
141.0000 2.2923
144.0000 2.2930
147.0000 2.2936
150.0000 2.2942
153.0000 2.2947
156.0000 2.2952
159.0000 2.2957
162.0000 2.2961
165.0000 2.2965
168.0000 2.2968
171.0000 2.2972
174.0000 2.2974
177.0000 2.2977
180.0000 2.2979
183.0000 2.2981
186.0000 2.2983
189.0000 2.2985
192.0000 2.2987
195.0000 2.2988
198.0000 2.2990
201.0000 2.2991
204.0000 2.2992
207.0000 2.2993
210.0000 2.2994
213.0000 2.2994
216.0000 2.2995
219.0000 2.2996
222.0000 2.2996
225.0000 2.2997
228.0000 2.2997
231.0000 2.2998
234.0000 2.2998
237.0000 2.2998
240.0000 2.2999
243.0000 2.2999
246.0000 2.2999
249.0000 2.2999
252.0000 2.2999
255.0000 2.2999
258.0000 2.3000
261.0000 2.3000
264.0000 2.3000
267.0000 2.3000
270.0000 2.3000
273.0000 2.3000
276.0000 2.3000
279.0000 2.3000
282.0000 2.3000
285.0000 2.3000
288.0000 2.3000
291.0000 2.3000
294.0000 2.3000
297.0000 2.3000
300.0000 2.3000
303.0000 2.3000
306.0000 2.3000
309.0000 2.3000
312.0000 2.3000
315.0000 2.3000
318.0000 2.3000
321.0000 2.3000
324.0000 2.3000
327.0000 2.3000
330.0000 2.3000
333.0000 2.3000
336.0000 2.3000
339.0000 2.3000
342.0000 2.3000
345.0000 2.3000
348.0000 2.3000
351.0000 2.3000
354.0000 2.3000
357.0000 2.3000
360.0000 2.3000
363.0000 2.3000
366.0000 2.3000
369.0000 2.3000
372.0000 2.3000
375.0000 2.3000
378.0000 2.3000
381.0000 2.3000
384.0000 2.3000
387.0000 2.3000
390.0000 2.3000
393.0000 2.3000
396.0000 2.3000
399.0000 2.3000
402.0000 2.3000
405.0000 2.3000
408.0000 2.3000
411.0000 2.3000
414.0000 2.3000
417.0000 2.3000
420.0000 2.3000
423.0000 2.3000
426.0000 2.3000
429.0000 2.3000
432.0000 2.3000
435.0000 2.3000
438.0000 2.3000
441.0000 2.3000
444.0000 2.3000
447.0000 2.3000
450.0000 2.3000
453.0000 2.3000
456.0000 2.3000
459.0000 2.3000
462.0000 2.3000
465.0000 2.3000
468.0000 2.3000
471.0000 2.3000
474.0000 2.3000
477.0000 2.3000
480.0000 2.3000
483.0000 2.3000
486.0000 2.3000
489.0000 2.3000
492.0000 2.3000
495.0000 2.3000
498.0000 2.3000
501.0000 2.3000
504.0000 2.3000
507.0000 2.3000
510.0000 2.3000
513.0000 2.3000
516.0000 2.3000
519.0000 2.3000
522.0000 2.3000
525.0000 2.3000
528.0000 2.3000
531.0000 2.3000
534.0000 2.3000
537.0000 2.3000
540.0000 2.3000
543.0000 2.3000
546.0000 2.3000
549.0000 2.3000
552.0000 2.3000
555.0000 2.3000
558.0000 2.3000
561.0000 2.3000
564.0000 2.3000
567.0000 2.3000
570.0000 2.3000
573.0000 2.3000
576.0000 2.3000
579.0000 2.3000
582.0000 2.3000
585.0000 2.3000
588.0000 2.3000
591.0000 2.3000
594.0000 2.3000
597.0000 2.3000
600.0000 2.3000
603.0000 2.3000
606.0000 2.3000
609.0000 2.3000
612.0000 2.3000
615.0000 2.3000
618.0000 2.3000
621.0000 2.3000
624.0000 2.3000
627.0000 2.3000
630.0000 2.3000
633.0000 2.3000
636.0000 2.3000
639.0000 2.3000
642.0000 2.3000
645.0000 2.3000
648.0000 2.3000
651.0000 2.3000
654.0000 2.3000
657.0000 2.3000
660.0000 2.3000
663.0000 2.3000
666.0000 2.3000
669.0000 2.3000
672.0000 2.3000
675.0000 2.3000
678.0000 2.3000
681.0000 2.3000
684.0000 2.3000
687.0000 2.3000
690.0000 2.3000
693.0000 2.3000
696.0000 2.3000
699.0000 2.3000
702.0000 2.3000
705.0000 2.3000
708.0000 2.3000
711.0000 2.3000
714.0000 2.3000
717.0000 2.3000
720.0000 2.3000
723.0000 2.3000
726.0000 2.3000
729.0000 2.3000
732.0000 2.3000
735.0000 2.3000
738.0000 2.3000
741.0000 2.3000
744.0000 2.3000
747.0000 2.3000
750.0000 2.3000
753.0000 2.3000
756.0000 2.3000
759.0000 2.3000
762.0000 2.3000
765.0000 2.3000
768.0000 2.3000
771.0000 2.3000
774.0000 2.3000
777.0000 2.3000
780.0000 2.3000
783.0000 2.3000
786.0000 2.3000
789.0000 2.3000
792.0000 2.3000
795.0000 2.3000
798.0000 2.3000
801.0000 2.3000
804.0000 2.3000
807.0000 2.3000
810.0000 2.3000
813.0000 2.3000
816.0000 2.3000
819.0000 2.3000
822.0000 2.3000
825.0000 2.3000
828.0000 2.3000
831.0000 2.3000
834.0000 2.3000
837.0000 2.3000
840.0000 2.3000
843.0000 2.3000
846.0000 2.3000
849.0000 2.3000
852.0000 2.3000
855.0000 2.3000
858.0000 2.3000
861.0000 2.3000
864.0000 2.3000
867.0000 2.3000
870.0000 2.3000
873.0000 2.3000
876.0000 2.3000
879.0000 2.3000
882.0000 2.3000
885.0000 2.3000
888.0000 2.3000
891.0000 2.3000
894.0000 2.3000
897.0000 2.3000
900.0000 2.3000
903.0000 2.3000
906.0000 2.3000
909.0000 2.3000
912.0000 2.3000
915.0000 2.3000
918.0000 2.3000
921.0000 2.3000
924.0000 2.3000
927.0000 2.3000
930.0000 2.3000
933.0000 2.3000
936.0000 2.3000
939.0000 2.3000
942.0000 2.3000
945.0000 2.3000
948.0000 2.3000
951.0000 2.3000
954.0000 2.3000
957.0000 2.3000
960.0000 2.3000
963.0000 2.3000
966.0000 2.3000
969.0000 2.3000
972.0000 2.3000
975.0000 2.3000
978.0000 2.3000
981.0000 2.3000
984.0000 2.3000
987.0000 2.3000
990.0000 2.3000
993.0000 2.3000
996.0000 2.3000
999.0000 2.3000
1002.0000 2.3000
1005.0000 2.3000
1008.0000 2.3000
1011.0000 2.3000
1014.0000 2.3000
1017.0000 2.3000
1020.0000 2.3000
1023.0000 2.3000
1026.0000 2.3000
1029.0000 2.3000
1032.0000 2.3000
1035.0000 2.3000
1038.0000 2.3000
1041.0000 2.3000
1044.0000 2.3000
1047.0000 2.3000
1050.0000 2.3000
1053.0000 2.3000
1056.0000 2.3000
1059.0000 2.3000
1062.0000 2.3000
1065.0000 2.3000
1068.0000 2.3000
1071.0000 2.3000
1074.0000 2.3000
1077.0000 2.3000
1080.0000 2.3000
1083.0000 2.3000
1086.0000 2.3000
1089.0000 2.3000
1092.0000 2.3000
1095.0000 2.3000
1098.0000 2.3000
1101.0000 2.3000
1104.0000 2.3000
1107.0000 2.3000
1110.0000 2.3000
1113.0000 2.3000
1116.0000 2.3000
1119.0000 2.3000
1122.0000 2.3000
1125.0000 2.3000
1128.0000 2.3000
1131.0000 2.3000
1134.0000 2.3000
1137.0000 2.3000
1140.0000 2.3000
1143.0000 2.3000
1146.0000 2.3000
1149.0000 2.3000
1152.0000 2.3000
1155.0000 2.3000
1158.0000 2.3000
1161.0000 2.3000
1164.0000 2.3000
1167.0000 2.3000
1170.0000 2.3000
1173.0000 2.3000
1176.0000 2.3000
1179.0000 2.3000
1182.0000 2.3000
1185.0000 2.3000
1188.0000 2.3000
1191.0000 2.3000
1194.0000 2.3000
1197.0000 2.3000
1200.0000 2.3000
1203.0000 2.3000
1206.0000 2.3000
1209.0000 2.3000
1212.0000 2.3000
1215.0000 2.3000
1218.0000 2.3000
1221.0000 2.3000
1224.0000 2.3000
1227.0000 2.3000
1230.0000 2.3000
1233.0000 2.3000
1236.0000 2.3000
1239.0000 2.3000
1242.0000 2.3000
1245.0000 2.3000
1248.0000 2.3000
1251.0000 2.3000
1254.0000 2.3000
1257.0000 2.3000
1260.0000 2.3000
1263.0000 2.3000
1266.0000 2.3000
1269.0000 2.3000
1272.0000 2.3000
1275.0000 2.3000
1278.0000 2.3000
1281.0000 2.3000
1284.0000 2.3000
1287.0000 2.3000
1290.0000 2.3000
1293.0000 2.3000
1296.0000 2.3000
1299.0000 2.3000
1302.0000 2.3000
1305.0000 2.3000
1308.0000 2.3000
1311.0000 2.3000
1314.0000 2.3000
1317.0000 2.3000
1320.0000 2.3000
1323.0000 2.3000
1326.0000 2.3000
1329.0000 2.3000
1332.0000 2.3000
1335.0000 2.3000
1338.0000 2.3000
1341.0000 2.3000
1344.0000 2.3000
1347.0000 2.3000
1350.0000 2.3000
1353.0000 2.3000
1356.0000 2.3000
1359.0000 2.3000
1362.0000 2.3000
1365.0000 2.3000
1368.0000 2.3000
1371.0000 2.3000
1374.0000 2.3000
1377.0000 2.3000
1380.0000 2.3000
1383.0000 2.3000
1386.0000 2.3000
1389.0000 2.3000
1392.0000 2.3000
1395.0000 2.3000
1398.0000 2.3000
1401.0000 2.3000
1404.0000 2.3000
1407.0000 2.3000
1410.0000 2.3000
1413.0000 2.3000
1416.0000 2.3000
1419.0000 2.3000
1422.0000 2.3000
1425.0000 2.3000
1428.0000 2.3000
1431.0000 2.3000
1434.0000 2.3000
1437.0000 2.3000
1440.0000 2.3000
1443.0000 2.3000
1446.0000 2.3000
1449.0000 2.3000
1452.0000 2.3000
1455.0000 2.3000
1458.0000 2.3000
1461.0000 2.3000
1464.0000 2.3000
1467.0000 2.3000
1470.0000 2.3000
1473.0000 2.3000
1476.0000 2.3000
1479.0000 2.3000
1482.0000 2.3000
1485.0000 2.3000
1488.0000 2.3000
1491.0000 2.3000
1494.0000 2.3000
1497.0000 2.3000
1500.0000 2.3000
